# ra dec logw (FUV,NUV,ugriz,jhk,W1,W2,W3,W4 in unit of Hz)  logvfv (hz*jy)    flag (=0 orignial R, =1 model,=2 radio undetected) redshift vLv (erg/s)
3.251532220000000279e+02 8.694779999999999731e-01 1.530065792829091151e+03 8.817662588520501998e+00 5.483229178935289383e-03 0.000000000000000000e+00 9.200000000000000400e-01 4.344437412452334257e+01
3.251532220000000279e+02 8.694779999999999731e-01 2.313565203979332637e+03 9.944662434193912048e+00 5.483229178935289383e-03 0.000000000000000000e+00 9.200000000000000400e-01 4.457137397019675262e+01
3.251532220000000279e+02 8.694779999999999731e-01 3.521457413841677862e+03 1.034846582259071290e+01 1.278278976678848267e-02 0.000000000000000000e+00 9.200000000000000400e-01 4.497517735859355525e+01
3.251532220000000279e+02 8.694779999999999731e-01 4.823306215633955617e+03 1.041426537279589404e+01 1.059327647089958191e-02 0.000000000000000000e+00 9.200000000000000400e-01 4.504097690879873284e+01
3.251532220000000279e+02 8.694779999999999731e-01 6.251302354657229444e+03 1.049181851233952933e+01 1.199052557349205017e-02 0.000000000000000000e+00 9.200000000000000400e-01 4.511853004834237169e+01
3.251532220000000279e+02 8.694779999999999731e-01 7.640197626445294190e+03 1.041313077097857942e+01 1.621927171945571899e-02 0.000000000000000000e+00 9.200000000000000400e-01 4.503984230698141999e+01
3.251532220000000279e+02 8.694779999999999731e-01 9.024184815305023221e+03 1.042201305585083659e+01 1.301765441894531250e-02 0.000000000000000000e+00 9.200000000000000400e-01 4.504872459185367717e+01
3.251532220000000279e+02 8.694779999999999731e-01 1.249167221852102193e+04 1.073375545531711417e+01 1.746737460295359409e-02 1.000000000000000000e+00 9.200000000000000400e-01 4.536046699131995297e+01
3.251532220000000279e+02 8.694779999999999731e-01 1.632386549134839515e+04 1.059750901753486652e+01 2.345605753362178802e-02 1.000000000000000000e+00 9.200000000000000400e-01 4.522422055353770531e+01
3.251532220000000279e+02 8.694779999999999731e-01 2.202481462447697049e+04 1.034991576798695156e+01 1.853976771235466003e-02 1.000000000000000000e+00 9.200000000000000400e-01 4.496995956735671740e+01
3.251532220000000279e+02 8.694779999999999731e-01 33500.100000000000000000 1.050831661704836861e+01 1.470647603273391758e-02 0.000000000000000000e+00 9.200000000000000400e-01 4.513502815305120919e+01
3.251532220000000279e+02 8.694779999999999731e-01 46000.200000000000000000 1.059133351029279879e+01 1.537182033061981236e-02 0.000000000000000000e+00 9.200000000000000400e-01 4.521804504629564292e+01
3.251532220000000279e+02 8.694779999999999731e-01 115598.00000000000000000 1.046932003160093316e+01 5.249819159507751465e-02 0.000000000000000000e+00 9.200000000000000400e-01 4.509603156760377374e+01
3.251532220000000279e+02 8.694779999999999731e-01 220923.00000000000000000 1.057919677576317774e+01 1.589591860771179255e-01 0.000000000000000000e+00 9.200000000000000400e-01 4.520590831176601654e+01