      10.0000      6.92774
      9.09091      6.43244
      8.33333      5.89430
      7.69231      5.36505
      7.14286      4.87587
      6.66667      4.44172
      6.25000      4.06652
      5.88235      3.74813
      5.55556      3.48204
      5.26316      3.26410
      5.00000      3.09119
      4.76190      2.95460
      4.54545      2.82395
      4.34783      2.67376
      4.16667      2.52468
      4.00000      2.39482
      3.84615      2.28391
      3.70370      2.18738
      3.57143      2.10152
      3.44828      2.02381
      3.33333      1.95255
      3.22581      1.88653
      3.12500      1.82488
      3.03030      1.76696
      2.94118      1.71228
      2.85714      1.66043
      2.77778      1.61110
      2.70270      1.56405
      2.63158      1.51907
      2.56410      1.47598
      2.50000      1.43463
      2.43902      1.39491
      2.38095      1.35671
      2.32558      1.31993
      2.27273      1.28450
      2.22222      1.25033
      2.17391      1.21738
      2.12766      1.18556
      2.08333      1.15484
      2.04082      1.12517
      2.00000      1.09649
      1.96078      1.06877
      1.92308      1.04197
      1.88679      1.01604
      1.85185     0.990963
      1.81818     0.966695
      1.78571     0.943206
      1.75439     0.920467
      1.72414     0.898451
      1.69492     0.877129
      1.66667     0.856476
      1.63934     0.836469
      1.61290     0.817081
      1.58730     0.798292
      1.56250     0.780080
      1.53846     0.762423
      1.51515     0.745302
      1.49254     0.728698
      1.47059     0.712592
      1.44928     0.696966
      1.42857     0.681804
      1.40845     0.667088
      1.38889     0.652804
      1.36986     0.638937
      1.35135     0.625471
      1.33333     0.612394
      1.31579     0.599690
      1.29870     0.587348
      1.28205     0.575356
      1.26582     0.563700
      1.25000     0.552371
      1.23457     0.541356
      1.21951     0.530645
      1.20482     0.520227
      1.19048     0.510094
      1.17647     0.500236
      1.16279     0.490643
      1.14943     0.481306
      1.13636     0.472218
      1.12360     0.463370
      1.11111     0.454754
      1.09890     0.446363
      1.08696     0.438190
      1.07527     0.430227
      1.06383     0.422468
      1.05263     0.414906
      1.04167     0.407535
      1.03093     0.400350
      1.02041     0.393344
      1.01010     0.386511
      1.00000     0.379847
     0.990099     0.373346
     0.980392     0.367003
     0.970874     0.360814
     0.961538     0.354773
     0.952381     0.348877
     0.943396     0.343120
     0.934579     0.337499
     0.925926     0.332009
     0.917431     0.326648
     0.909091     0.321410
     0.900901     0.316293
     0.892857     0.311293
     0.884956     0.306406
     0.877193     0.301630
     0.869565     0.296961
     0.862069     0.292396
     0.854701     0.287932
     0.847458     0.283566
     0.840336     0.279296
     0.833333     0.275119
     0.826446     0.271032
     0.819672     0.267033
     0.813008     0.263119
     0.806452     0.259288
     0.800000     0.255539
     0.793651     0.251867
     0.787402     0.248273
     0.781250     0.244753
     0.775194     0.241306
     0.769231     0.237929
     0.763359     0.234621
     0.757576     0.231380
     0.751880     0.228204
     0.746269     0.225092
     0.740741     0.222042
     0.735294     0.219053
     0.729927     0.216122
     0.724638     0.213248
     0.719424     0.210431
     0.714286     0.207668
     0.709220     0.204958
     0.704225     0.202300
     0.699301     0.199692
     0.694444     0.197134
     0.689655     0.194624
     0.684932     0.192161
     0.680272     0.189744
     0.675676     0.187372
     0.671141     0.185043
     0.666667     0.182757
     0.662252     0.180513
     0.657895     0.178309
     0.653595     0.176145
     0.649351     0.174020
     0.645161     0.171933
     0.641026     0.169883
     0.636943     0.167869
     0.632911     0.165890
     0.628931     0.163946
     0.625000     0.162036
     0.621118     0.160159
     0.617284     0.158314
     0.613497     0.156501
     0.609756     0.154718
     0.606061     0.152966
     0.602410     0.151244
     0.598802     0.149550
     0.595238     0.147885
     0.591716     0.146247
     0.588235     0.144636
     0.584795     0.143052
     0.581395     0.141494
     0.578035     0.139961
     0.574713     0.138453
     0.571429     0.136969
     0.568182     0.135510
     0.564972     0.134073
     0.561798     0.132660
     0.558659     0.131268
     0.555556     0.129899
     0.552486     0.128551
     0.549451     0.127225
     0.546448     0.125919
     0.543478     0.124633
     0.540541     0.123367
     0.537634     0.122120
     0.534759     0.120893
     0.531915     0.119684
     0.529101     0.118493
     0.526316     0.117321
     0.523560     0.116166
     0.520833     0.115028
     0.518135     0.113907
     0.515464     0.112803
     0.512820     0.111715
     0.510204     0.110643
     0.507614     0.109587
     0.505050     0.108546
     0.502513     0.107520
     0.500000     0.106509
     0.497512     0.105513
     0.495050     0.104531
     0.492611     0.103563
     0.490196     0.102608
     0.487805     0.101667
     0.485437     0.100740
     0.483092    0.0998251
     0.480769    0.0989233
     0.478469    0.0980340
     0.476191    0.0971571
     0.473934    0.0962923
     0.471698    0.0954394
     0.469484    0.0945982
     0.467290    0.0937684
     0.465116    0.0929500
     0.462963    0.0921427
     0.460830    0.0913462
     0.458716    0.0905605
     0.456621    0.0897853
     0.454545    0.0890205
     0.452489    0.0882658
     0.450450    0.0875211
     0.448430    0.0867863
     0.446429    0.0860611
     0.444444    0.0853455
     0.442478    0.0846391
     0.440529    0.0839420
     0.438596    0.0832539
     0.436681    0.0825748
     0.434783    0.0819043
     0.432900    0.0812425
     0.431035    0.0805892
     0.429185    0.0799441
     0.427350    0.0793073
     0.425532    0.0786785
     0.423729    0.0780577
     0.421941    0.0774447
     0.420168    0.0768394
     0.418410    0.0762416
     0.416667    0.0756513
     0.414938    0.0750683
     0.413223    0.0744925
     0.411523    0.0739238
     0.409836    0.0733621
     0.408163    0.0728074
     0.406504    0.0722593
     0.404858    0.0717180
     0.403226    0.0711832
     0.401606    0.0706550
     0.400000    0.0701330
     0.398406    0.0696174
     0.396825    0.0691080
     0.395257    0.0686046
     0.393701    0.0681073
     0.392157    0.0676159
     0.390625    0.0671303
     0.389105    0.0666505
     0.387597    0.0661763
     0.386100    0.0657077
     0.384615    0.0652446
     0.383142    0.0647869
     0.381679    0.0643345
     0.380228    0.0638875
     0.378788    0.0634456
     0.377358    0.0630088
     0.375940    0.0625770
     0.374532    0.0621503
     0.373134    0.0617284
     0.371747    0.0613114
     0.370370    0.0608991
     0.369004    0.0604915
     0.367647    0.0600886
     0.366300    0.0596902
     0.364964    0.0592964
     0.363636    0.0589070
     0.362319    0.0585219
     0.361011    0.0581412
     0.359712    0.0577648
     0.358423    0.0573926
     0.357143    0.0570245
     0.355872    0.0566605
     0.354610    0.0563006
     0.353357    0.0559447
     0.352113    0.0555926
     0.350877    0.0552445
     0.349650    0.0549002
     0.348432    0.0545598
     0.347222    0.0542230
     0.346021    0.0538899
     0.344828    0.0535605
     0.343643    0.0532346
     0.342466    0.0529123
     0.341297    0.0525935
     0.340136    0.0522782
     0.338983    0.0519662
     0.337838    0.0516577
     0.336700    0.0513525
     0.335570    0.0510505
     0.334448    0.0507518
     0.333333    0.0504563
     0.332226    0.0501640
     0.331126    0.0498748
     0.330033    0.0495887
     0.328947    0.0493056
     0.327869    0.0490256
     0.326797    0.0487485
     0.325733    0.0484744
     0.324675    0.0482031
     0.323625    0.0479348
     0.322581    0.0476693
     0.321543    0.0474066
     0.320513    0.0471466
     0.319489    0.0468894
     0.318471    0.0466349
     0.317460    0.0463831
     0.316456    0.0461339
     0.315457    0.0458873
     0.314465    0.0456433
     0.313480    0.0454019
     0.312500    0.0451630
     0.311527    0.0449266
     0.310559    0.0446926
     0.309598    0.0444611
     0.308642    0.0442320
     0.307692    0.0440052
     0.306748    0.0437809
     0.305810    0.0435588
     0.304878    0.0433391
     0.303951    0.0431217
     0.303030    0.0429065
     0.302115    0.0426935
     0.301205    0.0424827
     0.300300    0.0422741
     0.299401    0.0420677
     0.298507    0.0418634
     0.297619    0.0416612
     0.296736    0.0414611
     0.295858    0.0412631
     0.294985    0.0410671
     0.294118    0.0408732
     0.293255    0.0406812
     0.292398    0.0404913
     0.291545    0.0403033
     0.290698    0.0401172
     0.289855    0.0399331
     0.289017    0.0397508
     0.288184    0.0395704
     0.287356    0.0393919
     0.286533    0.0392153
     0.285714    0.0390405
     0.284900    0.0388674
     0.284091    0.0386962
     0.283286    0.0385267
     0.282486    0.0383590
     0.281690    0.0381930
     0.280899    0.0380288
     0.280112    0.0378662
     0.279330    0.0377054
     0.278552    0.0375462
     0.277778    0.0373886
     0.277008    0.0372327
     0.276243    0.0370785
     0.275482    0.0369258
     0.274725    0.0367747
     0.273973    0.0366252
     0.273224    0.0364773
     0.272480    0.0363309
     0.271739    0.0361860
     0.271003    0.0360427
     0.270270    0.0359009
     0.269542    0.0357605
     0.268817    0.0356217
     0.268097    0.0354843
     0.267380    0.0353484
     0.266667    0.0352139
     0.265957    0.0350808
     0.265252    0.0349491
     0.264550    0.0348189
     0.263852    0.0346900
     0.263158    0.0345625
     0.262467    0.0344364
     0.261780    0.0343117
     0.261097    0.0341882
     0.260417    0.0340662
     0.259740    0.0339454
     0.259067    0.0338259
     0.258398    0.0337078
     0.257732    0.0335909
     0.257069    0.0334753
     0.256410    0.0333610
     0.255754    0.0332479
     0.255102    0.0331361
     0.254453    0.0330255
     0.253807    0.0329162
     0.253165    0.0328080
     0.252525    0.0327011
     0.251889    0.0325954
     0.251256    0.0324908
     0.250627    0.0323875
     0.250000    0.0322853
     0.249377    0.0321842
     0.248756    0.0320844
     0.248139    0.0319856
     0.247525    0.0318880
     0.246914    0.0317916
     0.246305    0.0316962
     0.245700    0.0316020
     0.245098    0.0315089
     0.244499    0.0314168
     0.243902    0.0313259
     0.243309    0.0312360
     0.242718    0.0311473
     0.242131    0.0310595
     0.241546    0.0309729
     0.240964    0.0308873
     0.240385    0.0308027
     0.239808    0.0307192
     0.239234    0.0306367
     0.238663    0.0305552
     0.238095    0.0304747
     0.237530    0.0303953
     0.236967    0.0303169
     0.236407    0.0302394
     0.235849    0.0301630
     0.235294    0.0300875
     0.234742    0.0300130
     0.234192    0.0299395
     0.233645    0.0298669
     0.233100    0.0297954
     0.232558    0.0297247
     0.232019    0.0296551
     0.231481    0.0295863
     0.230947    0.0295185
     0.230415    0.0294517
     0.229885    0.0293857
     0.229358    0.0293207
     0.228833    0.0292566
     0.228310    0.0291935
     0.227790    0.0291312
     0.227273    0.0290698
     0.226757    0.0290094
     0.226244    0.0289498
     0.225734    0.0288911
     0.225225    0.0288333
     0.224719    0.0287764
     0.224215    0.0287204
     0.223714    0.0286652
     0.223214    0.0286109
     0.222717    0.0285575
     0.222222    0.0285049
     0.221730    0.0284532
     0.221239    0.0284023
     0.220751    0.0283523
     0.220264    0.0283031
     0.219780    0.0282548
     0.219298    0.0282073
     0.218818    0.0281606
     0.218341    0.0281148
     0.217865    0.0280698
     0.217391    0.0280256
     0.216920    0.0279822
     0.216450    0.0279397
     0.215983    0.0278980
     0.215517    0.0278571
     0.215054    0.0278170
     0.214592    0.0277776
     0.214133    0.0277391
     0.213675    0.0277014
     0.213220    0.0276645
     0.212766    0.0276284
     0.212314    0.0275931
     0.211864    0.0275586
     0.211416    0.0275248
     0.210970    0.0274919
     0.210526    0.0274597
     0.210084    0.0274283
     0.209644    0.0273977
     0.209205    0.0273678
     0.208768    0.0273387
     0.208333    0.0273104
     0.207900    0.0272829
     0.207469    0.0272561
     0.207039    0.0272301
     0.206612    0.0272049
     0.206186    0.0271804
     0.205761    0.0271567
     0.205339    0.0271337
     0.204918    0.0271115
     0.204499    0.0270901
     0.204082    0.0270694
     0.203666    0.0270495
     0.203252    0.0270303
     0.202840    0.0270119
     0.202429    0.0269942
     0.202020    0.0269772
     0.201613    0.0269610
     0.201207    0.0269456
     0.200803    0.0269309
     0.200401    0.0269169
     0.200000    0.0269037
     0.199601    0.0268912
     0.199203    0.0268795
     0.198807    0.0268685
     0.198413    0.0268583
     0.198020    0.0268488
     0.197628    0.0268400
     0.197239    0.0268320
     0.196850    0.0268247
     0.196464    0.0268181
     0.196078    0.0268123
     0.195695    0.0268072
     0.195312    0.0268029
     0.194932    0.0267993
     0.194553    0.0267964
     0.194175    0.0267943
     0.193798    0.0267929
     0.193424    0.0267922
     0.193050    0.0267923
     0.192678    0.0267931
     0.192308    0.0267947
     0.191939    0.0267970
     0.191571    0.0268000
     0.191205    0.0268038
     0.190840    0.0268083
     0.190476    0.0268136
     0.190114    0.0268196
     0.189753    0.0268263
     0.189394    0.0268338
     0.189036    0.0268420
     0.188679    0.0268510
     0.188324    0.0268607
     0.187970    0.0268712
     0.187617    0.0268824
     0.187266    0.0268944
     0.186916    0.0269071
     0.186567    0.0269205
     0.186220    0.0269347
     0.185874    0.0269497
     0.185529    0.0269654
     0.185185    0.0269819
     0.184843    0.0269991
     0.184502    0.0270171
     0.184162    0.0270359
     0.183824    0.0270554
     0.183486    0.0270757
     0.183150    0.0270967
     0.182815    0.0271185
     0.182482    0.0271411
     0.182149    0.0271645
     0.181818    0.0271886
     0.181488    0.0272135
     0.181159    0.0272392
     0.180832    0.0272656
     0.180505    0.0272929
     0.180180    0.0273209
     0.179856    0.0273497
     0.179533    0.0273794
     0.179211    0.0274098
     0.178891    0.0274410
     0.178571    0.0274730
     0.178253    0.0275058
     0.177936    0.0275394
     0.177620    0.0275738
     0.177305    0.0276090
     0.176991    0.0276450
     0.176678    0.0276819
     0.176367    0.0277195
     0.176056    0.0277580
     0.175747    0.0277974
     0.175439    0.0278375
     0.175131    0.0278785
     0.174825    0.0279203
     0.174520    0.0279630
     0.174216    0.0280065
     0.173913    0.0280508
     0.173611    0.0280960
     0.173310    0.0281421
     0.173010    0.0281890
     0.172712    0.0282367
     0.172414    0.0282854
     0.172117    0.0283349
     0.171821    0.0283853
     0.171527    0.0284366
     0.171233    0.0284887
     0.170940    0.0285418
     0.170648    0.0285957
     0.170358    0.0286506
     0.170068    0.0287063
     0.169779    0.0287630
     0.169492    0.0288205
     0.169205    0.0288790
     0.168919    0.0289384
     0.168634    0.0289988
     0.168350    0.0290601
     0.168067    0.0291223
     0.167785    0.0291854
     0.167504    0.0292495
     0.167224    0.0293146
     0.166945    0.0293806
     0.166667    0.0294476
     0.166389    0.0295156
     0.166113    0.0295846
     0.165837    0.0296545
     0.165563    0.0297255
     0.165289    0.0297974
     0.165017    0.0298703
     0.164745    0.0299443
     0.164474    0.0300193
     0.164204    0.0300953
     0.163934    0.0301723
     0.163666    0.0302504
     0.163399    0.0303295
     0.163132    0.0304097
     0.162866    0.0304909
     0.162602    0.0305732
     0.162338    0.0306566
     0.162075    0.0307411
     0.161812    0.0308267
     0.161551    0.0309133
     0.161290    0.0310011
     0.161031    0.0310900
     0.160772    0.0311800
     0.160514    0.0312712
     0.160256    0.0313635
     0.160000    0.0314569
     0.159744    0.0315515
     0.159490    0.0316473
     0.159236    0.0317442
     0.158983    0.0318424
     0.158730    0.0319417
     0.158479    0.0320423
     0.158228    0.0321440
     0.157978    0.0322470
     0.157729    0.0323512
     0.157480    0.0324567
     0.157233    0.0325634
     0.156986    0.0326714
     0.156740    0.0327807
     0.156495    0.0328912
     0.156250    0.0330030
     0.156006    0.0331162
     0.155763    0.0332307
     0.155521    0.0333465
     0.155280    0.0334636
     0.155039    0.0335821
     0.154799    0.0337020
     0.154560    0.0338233
     0.154321    0.0339459
     0.154083    0.0340699
     0.153846    0.0341954
     0.153610    0.0343223
     0.153374    0.0344506
     0.153139    0.0345804
     0.152905    0.0347116
     0.152672    0.0348444
     0.152439    0.0349786
     0.152207    0.0351143
     0.151976    0.0352516
     0.151745    0.0353903
     0.151515    0.0355307
     0.151286    0.0356726
     0.151057    0.0358161
     0.150830    0.0359611
     0.150602    0.0361078
     0.150376    0.0362561
     0.150150    0.0364061
     0.149925    0.0365577
     0.149701    0.0367109
     0.149477    0.0368659
     0.149254    0.0370226
     0.149031    0.0371810
     0.148810    0.0373411
     0.148588    0.0375030
     0.148368    0.0376667
     0.148148    0.0378321
     0.147929    0.0379994
     0.147710    0.0381685
     0.147493    0.0383394
     0.147275    0.0385122
     0.147059    0.0386869
     0.146843    0.0388635
     0.146628    0.0390420
     0.146413    0.0392225
     0.146199    0.0394049
     0.145985    0.0395893
     0.145773    0.0397758
     0.145560    0.0399642
     0.145349    0.0401547
     0.145138    0.0403472
     0.144928    0.0405419
     0.144718    0.0407386
     0.144509    0.0409375
     0.144300    0.0411386
     0.144092    0.0413418
     0.143885    0.0415472
     0.143678    0.0417549
     0.143472    0.0419648
     0.143266    0.0421770
     0.143062    0.0423915
     0.142857    0.0426084
     0.142653    0.0428275
     0.142450    0.0430491
     0.142248    0.0432731
     0.142045    0.0434995
     0.141844    0.0437283
     0.141643    0.0439597
     0.141443    0.0441935
     0.141243    0.0444299
     0.141044    0.0446689
     0.140845    0.0449105
     0.140647    0.0451547
     0.140449    0.0454016
     0.140252    0.0456511
     0.140056    0.0459034
     0.139860    0.0461584
     0.139665    0.0464162
     0.139470    0.0466769
     0.139276    0.0469404
     0.139082    0.0472067
     0.138889    0.0474760
     0.138696    0.0477482
     0.138504    0.0480234
     0.138313    0.0483017
     0.138122    0.0485829
     0.137931    0.0488673
     0.137741    0.0491548
     0.137552    0.0494455
     0.137363    0.0497393
     0.137174    0.0500364
     0.136986    0.0503368
     0.136799    0.0506405
     0.136612    0.0509475
     0.136426    0.0512580
     0.136240    0.0515719
     0.136054    0.0518892
     0.135870    0.0522101
     0.135685    0.0525345
     0.135501    0.0528626
     0.135318    0.0531943
     0.135135    0.0535296
     0.134953    0.0538688
     0.134771    0.0542117
     0.134590    0.0545584
     0.134409    0.0549090
     0.134228    0.0552636
     0.134048    0.0556221
     0.133869    0.0559846
     0.133690    0.0563512
     0.133511    0.0567219
     0.133333    0.0570968
     0.133156    0.0574759
     0.132979    0.0578593
     0.132802    0.0582470
     0.132626    0.0586391
     0.132450    0.0590356
     0.132275    0.0594366
     0.132100    0.0598421
     0.131926    0.0602523
     0.131752    0.0606671
     0.131579    0.0610866
     0.131406    0.0615110
     0.131234    0.0619401
     0.131062    0.0623742
     0.130890    0.0628131
     0.130719    0.0632572
     0.130548    0.0637062
     0.130378    0.0641605
     0.130208    0.0646200
     0.130039    0.0650847
     0.129870    0.0655548
     0.129702    0.0660302
     0.129534    0.0665112
     0.129366    0.0669977
     0.129199    0.0674898
     0.129032    0.0679876
     0.128866    0.0684911
     0.128700    0.0690005
     0.128535    0.0695158
     0.128370    0.0700370
     0.128205    0.0705643
     0.128041    0.0710977
     0.127877    0.0716374
     0.127714    0.0721833
     0.127551    0.0727355
     0.127389    0.0732942
     0.127226    0.0738594
     0.127065    0.0744312
     0.126904    0.0750097
     0.126743    0.0755949
     0.126582    0.0761870
     0.126422    0.0767860
     0.126263    0.0773920
     0.126103    0.0780051
     0.125945    0.0786254
     0.125786    0.0792530
     0.125628    0.0798880
     0.125471    0.0805303
     0.125313    0.0811802
     0.125156    0.0818378
     0.125000    0.0825031
     0.124844    0.0831761
     0.124688    0.0838573
     0.124533    0.0845463
     0.124378    0.0852434
     0.124224    0.0859488
     0.124069    0.0866624
     0.123916    0.0873844
     0.123762    0.0881149
     0.123609    0.0888539
     0.123457    0.0896018
     0.123305    0.0903583
     0.123153    0.0911238
     0.123001    0.0918981
     0.122850    0.0926817
     0.122699    0.0934743
     0.122549    0.0942764
     0.122399    0.0950876
     0.122249    0.0959086
     0.122100    0.0967391
     0.121951    0.0975793
     0.121803    0.0984293
     0.121654    0.0992892
     0.121507     0.100159
     0.121359     0.101039
     0.121212     0.101930
     0.121065     0.102830
     0.120919     0.103741
     0.120773     0.104663
     0.120627     0.105595
     0.120482     0.106538
     0.120337     0.107491
     0.120192     0.108456
     0.120048     0.109432
     0.119904     0.110419
     0.119760     0.111417
     0.119617     0.112426
     0.119474     0.113447
     0.119332     0.114479
     0.119190     0.115523
     0.119048     0.116579
     0.118906     0.117646
     0.118765     0.118725
     0.118624     0.119817
     0.118483     0.120920
     0.118343     0.122036
     0.118203     0.123163
     0.118064     0.124303
     0.117925     0.125455
     0.117786     0.126620
     0.117647     0.127797
     0.117509     0.128987
     0.117371     0.130189
     0.117233     0.131404
     0.117096     0.132631
     0.116959     0.133872
     0.116822     0.135125
     0.116686     0.136391
     0.116550     0.137670
     0.116414     0.138962
     0.116279     0.140267
     0.116144     0.141584
     0.116009     0.142915
     0.115875     0.144258
     0.115741     0.145615
     0.115607     0.146983
     0.115473     0.148366
     0.115340     0.149760
     0.115207     0.151168
     0.115075     0.152589
     0.114943     0.154022
     0.114811     0.155467
     0.114679     0.156926
     0.114548     0.158396
     0.114416     0.159880
     0.114286     0.161375
     0.114155     0.162883
     0.114025     0.164402
     0.113895     0.165934
     0.113766     0.167477
     0.113636     0.169031
     0.113507     0.170597
     0.113379     0.172174
     0.113250     0.173762
     0.113122     0.175361
     0.112994     0.176970
     0.112867     0.178590
     0.112740     0.180219
     0.112613     0.181858
     0.112486     0.183506
     0.112360     0.185164
     0.112233     0.186829
     0.112108     0.188503
     0.111982     0.190186
     0.111857     0.191875
     0.111732     0.193572
     0.111607     0.195275
     0.111483     0.196986
     0.111359     0.198700
     0.111235     0.200421
     0.111111     0.202146
     0.110988     0.203876
     0.110865     0.205610
     0.110742     0.207345
     0.110619     0.209084
     0.110497     0.210825
     0.110375     0.212566
     0.110254     0.214309
     0.110132     0.216051
     0.110011     0.217791
     0.109890     0.219531
     0.109769     0.221268
     0.109649     0.223003
     0.109529     0.224733
     0.109409     0.226459
     0.109290     0.228178
     0.109170     0.229893
     0.109051     0.231599
     0.108932     0.233297
     0.108814     0.234986
     0.108696     0.236666
     0.108578     0.238335
     0.108460     0.239991
     0.108342     0.241635
     0.108225     0.243266
     0.108108     0.244881
     0.107991     0.246482
     0.107875     0.248065
     0.107759     0.249630
     0.107643     0.251178
     0.107527     0.252705
     0.107411     0.254212
     0.107296     0.255697
     0.107181     0.257158
     0.107066     0.258598
     0.106952     0.260010
     0.106838     0.261398
     0.106724     0.262759
     0.106610     0.264093
     0.106496     0.265397
     0.106383     0.266672
     0.106270     0.267915
     0.106157     0.269127
     0.106045     0.270307
     0.105932     0.271452
     0.105820     0.272564
     0.105708     0.273640
     0.105597     0.274678
     0.105485     0.275682
     0.105374     0.276648
     0.105263     0.277574
     0.105152     0.278461
     0.105042     0.279308
     0.104932     0.280114
     0.104822     0.280880
     0.104712     0.281604
     0.104603     0.282285
     0.104493     0.282923
     0.104384     0.283517
     0.104275     0.284068
     0.104167     0.284574
     0.104058     0.285036
     0.103950     0.285453
     0.103842     0.285825
     0.103734     0.286152
     0.103627     0.286433
     0.103520     0.286668
     0.103413     0.286860
     0.103306     0.287003
     0.103199     0.287101
     0.103093     0.287154
     0.102987     0.287161
     0.102881     0.287123
     0.102775     0.287040
     0.102669     0.286912
     0.102564     0.286740
     0.102459     0.286523
     0.102354     0.286262
     0.102249     0.285958
     0.102145     0.285610
     0.102041     0.285222
     0.101937     0.284792
     0.101833     0.284319
     0.101729     0.283805
     0.101626     0.283252
     0.101523     0.282659
     0.101420     0.282029
     0.101317     0.281358
     0.101215     0.280651
     0.101112     0.279908
     0.101010     0.279130
     0.100908     0.278316
     0.100806     0.277469
     0.100705     0.276588
     0.100604     0.275676
     0.100503     0.274732
     0.100402     0.273758
     0.100301     0.272754
     0.100200     0.271722
     0.100100     0.270661
     0.100000     0.269575
    0.0999001     0.268463
    0.0998004     0.267325
    0.0997009     0.266166
    0.0996016     0.264982
    0.0995025     0.263776
    0.0994036     0.262550
    0.0993049     0.261303
    0.0992064     0.260038
    0.0991080     0.258754
