# ra dec logw (Hz) logvfv(hz*jy) err  z log(vLv) err in redden fig
3.251532220000000279e+02 8.694779999999999731e-01 1.341591307919900444e+01 1.057919677576317774e+01 1.589591860771179255e-01 9.200000000000000400e-01 4.520590831176602364e+01 6.998537410049894307e-19
3.251532220000000279e+02 8.694779999999999731e-01 1.369717073521264616e+01 1.046932003160093316e+01 5.249819159507751465e-02 9.200000000000000400e-01 4.509603156760376663e+01 3.587052530258363880e-19
3.251532220000000279e+02 8.694779999999999731e-01 1.409736227754380167e+01 1.059133351029279879e+01 1.537182033061981236e-02 9.200000000000000400e-01 4.521804504629564292e+01 3.114752357340782244e-19
3.251532220000000279e+02 8.694779999999999731e-01 1.410691237599029613e+01 1.057102296087769133e+01 1.476135011762380600e-02 9.200000000000000400e-01 4.519773449688053546e+01 2.810959524372433076e-19
3.251532220000000279e+02 8.694779999999999731e-01 1.420382108521986275e+01 1.050598057710550037e+01 1.353645231574773788e-02 9.200000000000000400e-01 4.513269211310834095e+01 2.773956886049416383e-19
3.251532220000000279e+02 8.694779999999999731e-01 1.423507573678527471e+01 1.050831661704836861e+01 1.470647603273391758e-02 9.200000000000000400e-01 4.513502815305120919e+01 3.470332503182349401e-19
3.251532220000000279e+02 8.694779999999999731e-01 1.441751022163563256e+01 1.034991576798695156e+01 1.853976771235466003e-02 9.200000000000000400e-01 4.497662730398980102e+01 4.329071409351492823e-19
3.251532220000000279e+02 8.694779999999999731e-01 1.454759947589376523e+01 1.030997880779987241e+01 2.345605753362178802e-02 9.200000000000000400e-01 4.493669034380271654e+01 6.755017718108768790e-19
3.251532220000000279e+02 8.694779999999999731e-01 1.466380190360274405e+01 1.044369589126852738e+01 1.746737460295359409e-02 9.200000000000000400e-01 4.507040742727136973e+01 9.612804172670605950e-19
3.251532220000000279e+02 8.694779999999999731e-01 1.474707480760294587e+01 1.026933035607661715e+01 2.446414344012737274e-02 9.200000000000000400e-01 4.489604189207945950e+01 1.015613271176608825e-18
3.251532220000000279e+02 8.694779999999999731e-01 1.477801225390881257e+01 1.047045706890983929e+01 2.296192385256290436e-02 9.200000000000000400e-01 4.509716860491268164e+01 1.626562650761788042e-18
3.251532220000000279e+02 8.694779999999999731e-01 1.480501450234187644e+01 1.042201305585083659e+01 nan 9.200000000000000400e-01 4.504872459185367717e+01 1.215679836813554514e-18
3.251532220000000279e+02 8.694779999999999731e-01 1.482300446765137458e+01 1.040537746374318218e+01 1.301765441894531250e-02 9.200000000000000400e-01 4.503208899974602275e+01 8.804564617694022761e-19
3.251532220000000279e+02 8.694779999999999731e-01 1.486597808223504558e+01 1.030046442254407957e+01 1.621927171945571899e-01 9.200000000000000400e-01 4.492717595854691837e+01 9.511894335833951678e-18
3.251532220000000279e+02 8.694779999999999731e-01 1.487731789095163037e+01 1.041313077097857942e+01 nan 9.200000000000000400e-01 4.503984230698141999e+01 5.653335193191287513e-19
3.251532220000000279e+02 8.694779999999999731e-01 1.488622894156273979e+01 1.045564807315937550e+01 4.267386160790920258e-03 9.200000000000000400e-01 4.508235960916221785e+01 3.748281662430130436e-19
3.251532220000000279e+02 8.694779999999999731e-01 1.493210994143289483e+01 1.042393035416484715e+01 nan 9.200000000000000400e-01 4.505064189016768950e+01 3.307243417832356793e-19
3.251532220000000279e+02 8.694779999999999731e-01 1.495394592982898274e+01 1.042271541475599861e+01 1.199052557349205017e-01 9.200000000000000400e-01 4.504942695075884274e+01 1.141018589479950057e-17
3.251532220000000279e+02 8.694779999999999731e-01 1.496445197863597087e+01 1.049181851233952933e+01 nan 9.200000000000000400e-01 4.511853004834237169e+01 5.373760322836894799e-19
3.251532220000000279e+02 8.694779999999999731e-01 1.497296519371932000e+01 1.055482767249347020e+01 2.962037920951843262e-03 9.200000000000000400e-01 4.518153920849631078e+01 3.991872535302676020e-19
3.251532220000000279e+02 8.694779999999999731e-01 1.507707764871705969e+01 1.041426537279589404e+01 nan 9.200000000000000400e-01 4.504097690879873994e+01 6.447651794488233724e-19
3.251532220000000279e+02 8.694779999999999731e-01 1.508139916076603626e+01 1.054194386175042020e+01 5.483229178935289383e-03 9.200000000000000400e-01 4.516865539775326255e+01 9.208155753367975845e-19
3.251532220000000279e+02 8.694779999999999731e-01 1.508987460382868129e+01 1.038781032094213153e+01 1.059327647089958191e-01 9.200000000000000400e-01 4.501452185694497388e+01 1.272062436233603704e-17
3.251532220000000279e+02 8.694779999999999731e-01 1.511254065684493852e+01 1.021773055939511288e+01 1.278278976678848267e-01 9.200000000000000400e-01 4.484444209539795168e+01 1.093175931837527173e-17
3.251532220000000279e+02 8.694779999999999731e-01 1.521370004273103937e+01 1.034846582259071290e+01 nan 9.200000000000000400e-01 4.497517735859355525e+01 1.935380489333268210e-18
3.251532220000000279e+02 8.694779999999999731e-01 1.539614073954866491e+01 9.944662434193912048e+00 nan 9.200000000000000400e-01 4.457137397019674552e+01 6.587285365857852750e-16
3.251532220000000279e+02 8.694779999999999731e-01 1.557571237754137528e+01 8.817662588520501998e+00 nan 9.200000000000000400e-01 4.344437412452334257e+01 2.706379895879567711e-15
3.251532220000000279e+02 8.694779999999999731e-01 1.607888234861156462e+01 1.142397004828097096e+01 2.043738774955272675e-02 9.200000000000000400e-01 4.605068158428381508e+01 2.600584480420325530e-16
3.251532220000000279e+02 8.694779999999999731e-01 1.616905810977281632e+01 1.152623833490749661e+01 2.782664634287357330e-02 9.200000000000000400e-01 4.615294987091034074e+01 5.515063865190399488e-16
3.251532220000000279e+02 8.694779999999999731e-01 1.622864177164534993e+01 1.144111305276047830e+01 3.985490649938583374e-02 9.200000000000000400e-01 4.606782458876331532e+01 8.552119332255535298e-16
3.251532220000000279e+02 8.694779999999999731e-01 1.624160703854053978e+01 1.174220939580906453e+01 4.785810783505439758e-02 9.200000000000000400e-01 4.636892093181190688e+01 1.843168992129693422e-15
3.251532220000000279e+02 8.694779999999999731e-01 1.625497128982915385e+01 1.151573811707545225e+01 1.464192867279052734e-01 9.200000000000000400e-01 4.614244965307829460e+01 3.452239122663102539e-15
3.251532220000000279e+02 8.694779999999999731e-01 1.626875913971876741e+01 1.158954416386672825e+01 2.988295629620552063e-02 9.200000000000000400e-01 4.621625569986957061e+01 1.091095061784886369e-15
3.251532220000000279e+02 8.694779999999999731e-01 1.628300146207965327e+01 1.156790197636292206e+01 7.277366518974304199e-02 9.200000000000000400e-01 4.619461351236576263e+01 2.063815574991662613e-15
3.251532220000000279e+02 8.694779999999999731e-01 1.632874156851832481e+01 1.203755182017013503e+01 1.340032815933227539e-01 9.200000000000000400e-01 4.666426335617297383e+01 1.245093732262158991e-14
3.251532220000000279e+02 8.694779999999999731e-01 1.634513053599824772e+01 1.194803415473155894e+01 4.199040681123733521e-02 9.200000000000000400e-01 4.657474569073440307e+01 4.076853866016859916e-15
3.251532220000000279e+02 8.694779999999999731e-01 1.650484586573074353e+01 1.208960100885945543e+01 4.413561522960662842e-02 9.200000000000000400e-01 4.671631254486229778e+01 6.934725343327098007e-15
