# ra dec logw (Hz) logvfv(hz*jy) err  z log(vLv) err in redden fig
2.341509810000000016e+02 4.690891999999999840e+00 1.327249093689669124e+01 1.134165144066265718e+01 3.129457434018453194e-02 3.800000000000000044e-01 4.503904537834201705e+01 7.980788376655030204e-19
2.341509810000000016e+02 4.690891999999999840e+00 1.355374859291033296e+01 1.109292730153275564e+01 1.544531310598055464e-02 3.800000000000000044e-01 4.479032123921211905e+01 4.035434469893317038e-19
2.341509810000000016e+02 4.690891999999999840e+00 1.395394013524148846e+01 1.122818467719453217e+01 9.759382034341493664e-03 3.800000000000000044e-01 4.492557861487389204e+01 8.494778822961245369e-19
2.341509810000000016e+02 4.690891999999999840e+00 1.396349023368798292e+01 1.121630809149418440e+01 8.791386149823665619e-03 3.800000000000000044e-01 4.491370202917354248e+01 7.397262252037410333e-19
2.341509810000000016e+02 4.690891999999999840e+00 1.406039894291754955e+01 1.124480231207470560e+01 1.029133796691894531e-02 3.800000000000000044e-01 4.494219624975406902e+01 1.155815287204214981e-18
2.341509810000000016e+02 4.690891999999999840e+00 1.409165359448296151e+01 1.127672017535035387e+01 1.027616734306017500e-02 3.800000000000000044e-01 4.497411411302971374e+01 1.334743262855453329e-18
2.341509810000000016e+02 4.690891999999999840e+00 1.427408807933331936e+01 1.126977982979916248e+01 nan 3.800000000000000044e-01 4.496717376747852057e+01 6.184387972861060450e-19
2.341509810000000016e+02 4.690891999999999840e+00 1.427625080989355943e+01 1.133669293790371846e+01 nan 3.800000000000000044e-01 4.503408687558307122e+01 1.561572619277748818e-17
2.341509810000000016e+02 4.690891999999999840e+00 1.428148561651948789e+01 1.133339996367808666e+01 nan 3.800000000000000044e-01 4.503079390135744831e+01 6.398700415566214575e-18
2.341509810000000016e+02 4.690891999999999840e+00 1.439935350593231256e+01 1.134088897197881529e+01 nan 3.800000000000000044e-01 4.503828290965817160e+01 7.707714406093240631e-18
2.341509810000000016e+02 4.690891999999999840e+00 1.440417733359145203e+01 1.134313638085753517e+01 nan 3.800000000000000044e-01 4.504053031853689504e+01 1.125836268991331362e-18
2.341509810000000016e+02 4.690891999999999840e+00 1.440450804466245849e+01 1.136598463140370541e+01 3.063563629984855652e-02 3.800000000000000044e-01 4.506337856908306350e+01 1.240307453834535226e-17
2.341509810000000016e+02 4.690891999999999840e+00 1.451978259385273873e+01 1.140920357477265945e+01 nan 3.800000000000000044e-01 4.510659751245201221e+01 1.533824755668599282e-17
2.341509810000000016e+02 4.690891999999999840e+00 1.452037976130043084e+01 1.141898780502471311e+01 nan 3.800000000000000044e-01 4.511638174270407120e+01 1.922560834534121190e-18
2.341509810000000016e+02 4.690891999999999840e+00 1.452362266223654963e+01 1.140202820043817056e+01 nan 3.800000000000000044e-01 4.509942213811753220e+01 9.757439629609580328e-18
2.341509810000000016e+02 4.690891999999999840e+00 1.460365266530063266e+01 1.143833270390629941e+01 nan 3.800000000000000044e-01 4.513572664158566283e+01 1.410574092873770740e-18
2.341509810000000016e+02 4.690891999999999840e+00 1.463459011160649936e+01 1.148290139247744612e+01 6.693991832435131073e-03 3.800000000000000044e-01 4.518029533015680954e+01 4.879687801798087436e-18
2.341509810000000016e+02 4.690891999999999840e+00 1.466159236003956323e+01 1.156507279091979790e+01 nan 3.800000000000000044e-01 4.526246672859916487e+01 7.367756834623159384e-18
2.341509810000000016e+02 4.690891999999999840e+00 1.467958232534906138e+01 1.152432736861765328e+01 4.499457776546478271e-03 3.800000000000000044e-01 4.522172130629701314e+01 4.002074960866853376e-18
2.341509810000000016e+02 4.690891999999999840e+00 1.472255593993273237e+01 1.140470784974530005e+01 1.550606787204742432e-01 3.800000000000000044e-01 4.510210178742465814e+01 1.156061078878222682e-16
2.341509810000000016e+02 4.690891999999999840e+00 1.473389574864931895e+01 1.146549974458719490e+01 nan 3.800000000000000044e-01 4.516289368226655654e+01 4.625456650711967823e-18
2.341509810000000016e+02 4.690891999999999840e+00 1.474280679926042659e+01 1.140248771170440634e+01 1.378016197122633457e-03 3.800000000000000044e-01 4.509988164938376798e+01 1.070937564757734428e-18
2.341509810000000016e+02 4.690891999999999840e+00 1.478868779913058162e+01 1.132857848681902624e+01 nan 3.800000000000000044e-01 4.502597242449838433e+01 6.614486835664713586e-19
2.341509810000000016e+02 4.690891999999999840e+00 1.481052378752666954e+01 1.149056862988263816e+01 1.538424640893936157e-01 3.800000000000000044e-01 4.518796256756199625e+01 1.711527911287984449e-16
2.341509810000000016e+02 4.690891999999999840e+00 1.482102983633365767e+01 1.148634846667362552e+01 nan 3.800000000000000044e-01 4.518374240435299072e+01 7.676800258267933402e-18
2.341509810000000016e+02 4.690891999999999840e+00 1.482954305141700679e+01 1.140969264783009329e+01 3.309905761852860451e-03 3.800000000000000044e-01 4.510708658550945671e+01 3.193498028242140816e-18
2.341509810000000016e+02 4.690891999999999840e+00 1.493365550641474648e+01 1.149804970105756929e+01 nan 3.800000000000000044e-01 4.519544363873693271e+01 9.026712363151615634e-18
2.341509810000000016e+02 4.690891999999999840e+00 1.493797701846372306e+01 1.137817737558697040e+01 9.136815555393695831e-03 3.800000000000000044e-01 4.507557131326633026e+01 1.052360605369062678e-17
2.341509810000000016e+02 4.690891999999999840e+00 1.494645246152636808e+01 1.143272768401696737e+01 1.520168483257293701e-01 3.800000000000000044e-01 4.513012162169632546e+01 2.024357464592999774e-16
2.341509810000000016e+02 4.690891999999999840e+00 1.496911851454262532e+01 1.118310698354530075e+01 1.461269557476043701e-01 3.800000000000000044e-01 4.488050092122465884e+01 1.153907896054557475e-16
2.341509810000000016e+02 4.690891999999999840e+00 1.507027790042872617e+01 1.145952992145612903e+01 nan 3.800000000000000044e-01 4.515692385913548890e+01 1.451535380988909470e-17
2.341509810000000016e+02 4.690891999999999840e+00 1.525271859724635171e+01 1.098154707176935396e+01 3.643077611923217773e-02 3.800000000000000044e-01 4.467894100944871383e+01 3.474957045349625995e-17
2.341509810000000016e+02 4.690891999999999840e+00 1.543229023523906207e+01 1.066788710421115205e+01 9.695812314748764038e-02 3.800000000000000044e-01 4.436528104189051191e+01 6.791674997707998722e-17
