# ra dec logw (Hz) logvfv(hz*jy) err  z log(vLv) err in redden fig
1.122863059999999962e+02 4.014358099999999752e+01 1.316199562818066404e+01 1.149334403320760600e+01 2.175266295671463013e-02 7.000000000000000666e-02 4.356786144566220287e+01 7.366881522526819907e-19
1.122863059999999962e+02 4.014358099999999752e+01 1.344325328419430576e+01 1.132449096445162695e+01 1.040301844477653503e-02 7.000000000000000666e-02 4.339900837690623092e+01 4.483815413921182747e-19
1.122863059999999962e+02 4.014358099999999752e+01 1.384344482652546127e+01 1.135687043394889528e+01 8.711420930922031403e-03 7.000000000000000666e-02 4.343138784640349570e+01 9.910575468104774611e-19
1.122863059999999962e+02 4.014358099999999752e+01 1.398115828576693431e+01 1.146615770502470788e+01 9.303871542215347290e-03 7.000000000000000666e-02 4.354067511747931007e+01 1.868640647030317263e-18
1.122863059999999962e+02 4.014358099999999752e+01 1.416575550117753224e+01 1.164782239561048449e+01 nan 7.000000000000000666e-02 4.372233980806509379e+01 7.495548535547724177e-18
1.122863059999999962e+02 4.014358099999999752e+01 1.417099030780346069e+01 1.162516455640283297e+01 nan 7.000000000000000666e-02 4.369968196885742628e+01 7.678440688119056265e-18
1.122863059999999962e+02 4.014358099999999752e+01 1.428885819721628536e+01 1.171730500029998545e+01 nan 7.000000000000000666e-02 4.379182241275459120e+01 2.862865327549511023e-17
1.122863059999999962e+02 4.014358099999999752e+01 1.429401273594643307e+01 1.176737529579177988e+01 2.162885293364524841e-02 7.000000000000000666e-02 4.384189270824638385e+01 2.480614907669070452e-17
1.122863059999999962e+02 4.014358099999999752e+01 1.440928728513671153e+01 1.176692952373883827e+01 nan 7.000000000000000666e-02 4.384144693619344224e+01 1.917280838155275373e-17
1.122863059999999962e+02 4.014358099999999752e+01 1.441312735352052243e+01 1.172731083507352601e+01 nan 7.000000000000000666e-02 4.380182824752814241e+01 3.317529387403778373e-17
1.122863059999999962e+02 4.014358099999999752e+01 1.452409480289047217e+01 1.105903007637026825e+01 1.303832232952117920e-02 7.000000000000000666e-02 4.313354748882487399e+01 9.759375603596174872e-18
1.122863059999999962e+02 4.014358099999999752e+01 1.455109705132353604e+01 1.171059344942611347e+01 nan 7.000000000000000666e-02 4.378511086188071744e+01 7.367756834623159384e-18
1.122863059999999962e+02 4.014358099999999752e+01 1.456908701663303596e+01 1.098801476140286937e+01 9.916983544826507568e-03 7.000000000000000666e-02 4.306253217385746979e+01 4.802490027093487043e-18
1.122863059999999962e+02 4.014358099999999752e+01 1.461206063121670518e+01 1.203327995048926446e+01 1.600348502397537231e-01 7.000000000000000666e-02 4.410779736294387021e+01 5.073010697550651816e-16
1.122863059999999962e+02 4.014358099999999752e+01 1.462340043993329175e+01 1.168581111345383938e+01 nan 7.000000000000000666e-02 4.376032852590844868e+01 5.139395803079219307e-18
1.122863059999999962e+02 4.014358099999999752e+01 1.463231149054439939e+01 1.103803008004993202e+01 1.172738801687955856e-02 7.000000000000000666e-02 4.311254749250453244e+01 9.638439197487967746e-18
1.122863059999999962e+02 4.014358099999999752e+01 1.467819249041455443e+01 1.105763237381186492e+01 nan 7.000000000000000666e-02 4.313214978626646712e+01 1.984346127194787380e-18
1.122863059999999962e+02 4.014358099999999752e+01 1.470002847881064412e+01 1.244257907993663181e+01 1.373066455125808716e-01 7.000000000000000666e-02 4.451709649239123934e+01 1.367759614403370331e-15
1.122863059999999962e+02 4.014358099999999752e+01 1.471053452761763047e+01 1.126685485377525531e+01 nan 7.000000000000000666e-02 4.334137226622986105e+01 7.676800258267933402e-18
1.122863059999999962e+02 4.014358099999999752e+01 1.471904774270097960e+01 1.124981519980885558e+01 1.315302867442369461e-02 7.000000000000000666e-02 4.332433261226346133e+01 8.782119854657696782e-18
1.122863059999999962e+02 4.014358099999999752e+01 1.482316019769872106e+01 1.125853809725049182e+01 nan 7.000000000000000666e-02 4.333305550970509046e+01 3.868591225824851043e-18
1.122863059999999962e+02 4.014358099999999752e+01 1.482748170974769586e+01 1.118896060502158818e+01 7.062876131385564804e-03 7.000000000000000666e-02 4.326347801747618860e+01 5.261803026845313390e-18
1.122863059999999962e+02 4.014358099999999752e+01 1.483595715281034266e+01 1.211658646441615161e+01 1.361291706562042236e-01 7.000000000000000666e-02 4.419110387687075558e+01 8.753978290935055191e-16
1.122863059999999962e+02 4.014358099999999752e+01 1.485862320582659812e+01 1.175445435914554260e+01 1.387783437967300415e-01 7.000000000000000666e-02 4.382897177160014479e+01 4.084226978090023344e-16
1.122863059999999962e+02 4.014358099999999752e+01 1.495978259171269897e+01 1.094939562067457395e+01 nan 7.000000000000000666e-02 4.302391303312917614e+01 1.209612798838813398e-17
1.122863059999999962e+02 4.014358099999999752e+01 1.514222328853032451e+01 1.010349223496510795e+01 7.277385890483856201e-02 7.000000000000000666e-02 4.217800964741971370e+01 9.191822518437891549e-18
