# ra dec logw (Hz) logvfv(hz*jy) err  z log(vLv) err in redden fig
2.064733850000000075e+02 3.372663200000000217e+01 9.421669724079547947e+00 6.347391240351825559e+00 nan 8.860000000000000098e-01 4.093374262564058341e+01 9.146666456337646512e-28
2.064733850000000075e+02 3.372663200000000217e+01 9.451343321249588314e+00 6.325020753581550359e+00 nan 8.860000000000000098e-01 4.091137213887031265e+01 0.000000000000000000e+00
2.064733850000000075e+02 3.372663200000000217e+01 1.340815353889676409e+01 1.051450247670356575e+01 nan 8.860000000000000098e-01 4.510085386199232005e+01 0.000000000000000000e+00
2.064733850000000075e+02 3.372663200000000217e+01 1.368941119491040581e+01 1.016883582705201761e+01 7.625749111175536554e-02 8.860000000000000098e-01 4.475518721234077191e+01 2.488517757166364129e-19
2.064733850000000075e+02 3.372663200000000217e+01 1.408960273724156131e+01 1.014186812056692588e+01 2.701433002948760986e-02 8.860000000000000098e-01 4.472821950585567663e+01 1.982115041225958322e-19
2.064733850000000075e+02 3.372663200000000217e+01 1.422731619648303436e+01 1.022406700157123360e+01 1.764159202575683524e-02 8.860000000000000098e-01 4.481041838686000034e+01 2.135589289722322699e-19
2.064733850000000075e+02 3.372663200000000217e+01 1.440975068133339398e+01 1.023180188908037103e+01 2.081338316202163696e-02 8.860000000000000098e-01 4.481815327436913066e+01 3.710632840933719595e-19
2.064733850000000075e+02 3.372663200000000217e+01 1.453983993559152665e+01 1.023107623698189883e+01 2.062808722257614136e-02 8.860000000000000098e-01 4.481742762227065668e+01 4.953679416904610346e-19
2.064733850000000075e+02 3.372663200000000217e+01 1.465604236330050547e+01 1.015305429295667849e+01 3.372783958911895752e-02 8.860000000000000098e-01 4.473940567824543990e+01 8.843779056217471497e-19
2.064733850000000075e+02 3.372663200000000217e+01 1.473931526730070551e+01 1.016069574465919523e+01 3.228969126939773560e-02 8.860000000000000098e-01 4.474704712994795130e+01 1.043824781745034746e-18
2.064733850000000075e+02 3.372663200000000217e+01 1.477025271360657221e+01 1.024472140246083818e+01 4.479214921593666077e-02 8.860000000000000098e-01 4.483107278774959781e+01 1.886812638766727939e-18
2.064733850000000075e+02 3.372663200000000217e+01 1.479725496203963608e+01 1.020804408147689024e+01 nan 8.860000000000000098e-01 4.479439546676564987e+01 0.000000000000000000e+00
2.064733850000000075e+02 3.372663200000000217e+01 1.481524492734913601e+01 1.018525690746642276e+01 2.259219624102115631e-02 8.860000000000000098e-01 4.477160829275518239e+01 9.204771595407862914e-19
2.064733850000000075e+02 3.372663200000000217e+01 1.486955835064939180e+01 1.019818519172742199e+01 nan 8.860000000000000098e-01 4.478453657701618340e+01 0.000000000000000000e+00
2.064733850000000075e+02 3.372663200000000217e+01 1.487846940126049944e+01 1.024648034923903417e+01 6.907640025019645691e-03 8.860000000000000098e-01 4.483283173452779380e+01 3.748281662430130436e-19
2.064733850000000075e+02 3.372663200000000217e+01 1.492435040113065448e+01 1.018505587553480041e+01 nan 8.860000000000000098e-01 4.477140726082355826e+01 1.984346203690160443e-19
2.064733850000000075e+02 3.372663200000000217e+01 1.495669243833373052e+01 1.018898007927569438e+01 nan 8.860000000000000098e-01 4.477533146456445223e+01 0.000000000000000000e+00
2.064733850000000075e+02 3.372663200000000217e+01 1.496520565341707965e+01 1.022391663755696101e+01 0.000000000000000000e+00 8.860000000000000098e-01 4.481026802284571886e+01 0.000000000000000000e+00
2.064733850000000075e+02 3.372663200000000217e+01 1.506931810841482111e+01 1.014903626520425561e+01 nan 8.860000000000000098e-01 4.473538765049300991e+01 0.000000000000000000e+00
2.064733850000000075e+02 3.372663200000000217e+01 1.507363962046379591e+01 1.018729682534507575e+01 1.417997200042009354e-02 8.860000000000000098e-01 4.477364821063383715e+01 1.052360635794974505e-18
2.064733850000000075e+02 3.372663200000000217e+01 1.508211506352644271e+01 1.007876037603342034e+01 2.042113840579986572e-01 8.860000000000000098e-01 4.466511176132217997e+01 1.203671974508285361e-17
2.064733850000000075e+02 3.372663200000000217e+01 1.510478111654269817e+01 1.036216605622818854e+01 1.731396615505218506e-01 8.860000000000000098e-01 4.494851744151694817e+01 2.064887879052605145e-17
2.064733850000000075e+02 3.372663200000000217e+01 1.520594050242879902e+01 1.002949523508140750e+01 nan 8.860000000000000098e-01 4.461584662037017068e+01 0.000000000000000000e+00
2.064733850000000075e+02 3.372663200000000217e+01 1.538838119924642456e+01 8.615525713356475990e+00 nan 8.860000000000000098e-01 4.320187709864523384e+01 1.983303868561402484e-16
2.064733850000000075e+02 3.372663200000000217e+01 1.556795283723913492e+01 1.000000000000000000e+00 nan 8.860000000000000098e-01 1.000000000000000000e+00 4.835673200641573435e-16
