# ra dec logw (Hz) logvfv(hz*jy) err  z log(vLv) err in redden fig
1.217027149999999978e+02 1.867699700000000007e+01 1.337316109877805381e+01 1.050613899744566382e+01 nan 7.399999999999999911e-01 4.490010236382399000e+01 0.000000000000000000e+00
1.217027149999999978e+02 1.867699700000000007e+01 1.365441875479169553e+01 1.002016171572341108e+01 1.593762636184692383e-01 7.399999999999999911e-01 4.441412508210173371e+01 3.474957128316882517e-19
1.217027149999999978e+02 1.867699700000000007e+01 1.405461029712285281e+01 9.966306326207465816e+00 4.442039504647254944e-02 7.399999999999999911e-01 4.436026969258578845e+01 2.265274370254664122e-19
1.217027149999999978e+02 1.867699700000000007e+01 1.406416039556934727e+01 9.966625935432983141e+00 4.061746969819068909e-02 7.399999999999999911e-01 4.436058930181130222e+01 1.923288196479875137e-19
1.217027149999999978e+02 1.867699700000000007e+01 1.416106910479891390e+01 9.981217706506820164e+00 2.265884168446063995e-02 7.399999999999999911e-01 4.437518107288514102e+01 1.386978443024708191e-19
1.217027149999999978e+02 1.867699700000000007e+01 1.419232375636432408e+01 9.976596682005929750e+00 2.893747016787528992e-02 7.399999999999999911e-01 4.437056004838424883e+01 2.135589289722322699e-19
1.217027149999999978e+02 1.867699700000000007e+01 1.473526027348786194e+01 9.995881435674425219e+00 9.587644599378108978e-03 7.399999999999999911e-01 4.438984480205274963e+01 2.277187771261414377e-19
1.217027149999999978e+02 1.867699700000000007e+01 1.476226252192092581e+01 9.898463955768002975e+00 nan 7.399999999999999911e-01 4.429242732214632383e+01 5.894205501781250630e-19
1.217027149999999978e+02 1.867699700000000007e+01 1.478025248723042573e+01 1.005528968893597863e+01 2.914879098534584045e-02 7.399999999999999911e-01 4.444925305531430126e+01 8.804564617694022761e-19
1.217027149999999978e+02 1.867699700000000007e+01 1.483456591053068152e+01 9.932035768423601141e+00 nan 7.399999999999999911e-01 4.432599913480191844e+01 2.055758333118928520e-19
1.217027149999999978e+02 1.867699700000000007e+01 1.484347696114178916e+01 9.998729644530900629e+00 1.396600995212793350e-02 7.399999999999999911e-01 4.439269301090921971e+01 4.283750382882977671e-19
1.217027149999999978e+02 1.867699700000000007e+01 1.488935796101194597e+01 1.004575647255870230e+01 nan 7.399999999999999911e-01 4.443971983893702316e+01 3.307243417832356793e-19
1.217027149999999978e+02 1.867699700000000007e+01 1.492169999821502024e+01 1.007343981603026783e+01 nan 7.399999999999999911e-01 4.446740318240858869e+01 2.303040201773554002e-19
1.217027149999999978e+02 1.867699700000000007e+01 1.493021321329836937e+01 1.009804592290809566e+01 1.695908256806433201e-03 7.399999999999999911e-01 4.449200928928641474e+01 7.983745301431860068e-20
1.217027149999999978e+02 1.867699700000000007e+01 1.503432566829611083e+01 1.022315139532528683e+01 nan 7.399999999999999911e-01 4.461711476170361124e+01 3.868591374956761563e-19
1.217027149999999978e+02 1.867699700000000007e+01 1.503864718034508563e+01 1.023957083862108064e+01 9.428935125470161438e-03 7.399999999999999911e-01 4.463353420499940682e+01 7.892705148786206635e-19
1.217027149999999978e+02 1.867699700000000007e+01 1.504712262340773243e+01 9.925809693975296000e+00 1.980155259370803833e-01 7.399999999999999911e-01 4.431977306035361863e+01 8.206854774299380269e-18
1.217027149999999978e+02 1.867699700000000007e+01 1.506978867642398789e+01 1.011856424792932074e+01 2.186178267002105713e-01 7.399999999999999911e-01 4.451252761430764338e+01 1.487933987213715005e-17
1.217027149999999978e+02 1.867699700000000007e+01 1.517094806231008874e+01 1.012006953928212738e+01 nan 7.399999999999999911e-01 4.451403290566045001e+01 1.209612770860896850e-18
1.217027149999999978e+02 1.867699700000000007e+01 1.535338875912771428e+01 8.316616942406206192e+00 nan 7.399999999999999911e-01 4.271058030878452882e+01 0.000000000000000000e+00
1.217027149999999978e+02 1.867699700000000007e+01 1.553296039712042464e+01 8.912633209463027839e+00 nan 7.399999999999999911e-01 4.330659657584134692e+01 0.000000000000000000e+00
