# ra dec logw (Hz) logvfv(hz*jy) err  z log(vLv) err in redden fig
1.240739489999999989e+02 2.961105900000000091e+01 1.338058511685726160e+01 1.103946272191925004e+01 5.398809413115183281e-02 7.700000000000000178e-01 4.547578378883765282e+01 6.568802975665997193e-19
1.240739489999999989e+02 2.961105900000000091e+01 1.366184277287090332e+01 1.093249953643544359e+01 1.992693295081456387e-02 7.700000000000000178e-01 4.536882060335384637e+01 3.811243002272296493e-19
1.240739489999999989e+02 2.961105900000000091e+01 1.406203431520205882e+01 1.093622423502169738e+01 1.090780397256215471e-02 7.700000000000000178e-01 4.537254530194010727e+01 5.663186056624152407e-19
1.240739489999999989e+02 2.961105900000000091e+01 1.407158441364855328e+01 1.090279241396225274e+01 1.085736136883497238e-02 7.700000000000000178e-01 4.533911348088066262e+01 4.438357460723931668e-19
1.240739489999999989e+02 2.961105900000000091e+01 1.416849312287811991e+01 1.078975156954623493e+01 1.056392025202512741e-02 7.700000000000000178e-01 4.522607263646464304e+01 4.160935649877331543e-19
1.240739489999999989e+02 2.961105900000000091e+01 1.419974777444353187e+01 1.077912986338444234e+01 1.173928380012512207e-02 7.700000000000000178e-01 4.521545093030285756e+01 5.072024161752674648e-19
1.240739489999999989e+02 2.961105900000000091e+01 1.438218225929388971e+01 1.060977931575560262e+01 8.716964473327001514e-03 7.700000000000000178e-01 4.504610038267401251e+01 3.710632840933719595e-19
1.240739489999999989e+02 2.961105900000000091e+01 1.438957979648005647e+01 1.059935366539535195e+01 9.914387762546539307e-02 7.700000000000000178e-01 4.503567473231376539e+01 4.223142425825381564e-18
1.240739489999999989e+02 2.961105900000000091e+01 1.450744768589288292e+01 1.059402939568737345e+01 1.098854641119639125e-01 7.700000000000000178e-01 4.503035046260578156e+01 6.056061551924477228e-18
1.240739489999999989e+02 2.961105900000000091e+01 1.451227151355202238e+01 1.064306840978310831e+01 1.270902405182520491e-02 7.700000000000000178e-01 4.507938947670152174e+01 7.880853570456979595e-19
1.240739489999999989e+02 2.961105900000000091e+01 1.462847394126100120e+01 1.081684414797101290e+01 7.950799539685249329e-03 7.700000000000000178e-01 4.525316521488942811e+01 9.612804172670605950e-19
1.240739489999999989e+02 2.961105900000000091e+01 1.463171684219711999e+01 1.076916813747776835e+01 1.007189949353535924e-01 7.700000000000000178e-01 4.520548920439617291e+01 1.112348210216536091e-17
1.240739489999999989e+02 2.961105900000000091e+01 1.471174684526120302e+01 1.080682454399279457e+01 7.884847621122995434e-03 7.700000000000000178e-01 4.524314561091120623e+01 1.128459248198152390e-18
1.240739489999999989e+02 2.961105900000000091e+01 1.474268429156706972e+01 1.086347581985896760e+01 5.573663860559463501e-03 7.700000000000000178e-01 4.529979688677737926e+01 9.759376055058005323e-19
1.240739489999999989e+02 2.961105900000000091e+01 1.476968654000013359e+01 1.084139683144343635e+01 nan 7.700000000000000178e-01 4.527771789836184269e+01 2.210327084469670360e-18
1.240739489999999989e+02 2.961105900000000091e+01 1.478767650530963174e+01 1.089801141285442121e+01 9.515817277133464813e-03 7.700000000000000178e-01 4.533433247977283287e+01 2.001037480433426688e-18
1.240739489999999989e+02 2.961105900000000091e+01 1.483065011989330273e+01 1.090184544271279421e+01 8.747118711471557617e-02 7.700000000000000178e-01 4.533816650963120054e+01 2.048715911393135937e-17
1.240739489999999989e+02 2.961105900000000091e+01 1.484198992860988753e+01 1.085343500906754777e+01 nan 7.700000000000000178e-01 4.528975607598594877e+01 2.055758273682724340e-18
1.240739489999999989e+02 2.961105900000000091e+01 1.485090097922099517e+01 1.095341337057686992e+01 5.813262425363063812e-03 7.700000000000000178e-01 4.538973443749527803e+01 1.606406409062621525e-18
1.240739489999999989e+02 2.961105900000000091e+01 1.489678197909115198e+01 1.096789410258120867e+01 nan 7.700000000000000178e-01 4.540421516949962211e+01 6.614486835664713586e-19
1.240739489999999989e+02 2.961105900000000091e+01 1.491288776548496209e+01 1.093250033000974675e+01 4.925131052732467651e-02 7.700000000000000178e-01 4.536882139692815485e+01 1.495984300662723137e-17
1.240739489999999989e+02 2.961105900000000091e+01 1.491861796748723989e+01 1.127730641600076389e+01 1.729611158370971680e-01 7.700000000000000178e-01 4.571362748291917200e+01 1.177589757458642898e-16
1.240739489999999989e+02 2.961105900000000091e+01 1.492912401629422803e+01 1.093447377433121304e+01 nan 7.700000000000000178e-01 4.537079484124962647e+01 3.070720032282502844e-18
1.240739489999999989e+02 2.961105900000000091e+01 1.493763723137757715e+01 1.098354622891589472e+01 2.207506913691759109e-03 7.700000000000000178e-01 4.541986729583430815e+01 7.983745070605352040e-19
1.240739489999999989e+02 2.961105900000000091e+01 1.504174968637531684e+01 1.095971596783211588e+01 nan 7.700000000000000178e-01 4.539603703475052754e+01 3.868591225824851043e-18
1.240739489999999989e+02 2.961105900000000091e+01 1.504607119842429341e+01 1.108418080991980403e+01 1.348505355417728424e-02 7.700000000000000178e-01 4.552050187683821036e+01 7.892704844527088360e-18
1.240739489999999989e+02 2.961105900000000091e+01 1.505454664148693844e+01 1.096106517666300562e+01 1.673613637685775757e-01 7.700000000000000178e-01 4.539738624358141550e+01 7.522950283593960401e-17
1.240739489999999989e+02 2.961105900000000091e+01 1.507721269450319568e+01 1.106497681969106495e+01 4.542756453156471252e-02 7.700000000000000178e-01 4.550129788660947838e+01 2.732940286124474593e-17
1.240739489999999989e+02 2.961105900000000091e+01 1.517837208038929653e+01 1.087576574865368961e+01 nan 7.700000000000000178e-01 4.531208681557209417e+01 6.048063994194066990e-18
1.240739489999999989e+02 2.961105900000000091e+01 1.536081277720692206e+01 1.052539678576379245e+01 2.773446589708328247e-02 7.700000000000000178e-01 4.496171785268220589e+01 1.681430899485876410e-17
1.240739489999999989e+02 2.961105900000000091e+01 1.554038441519963243e+01 9.792142916138196540e+00 9.619457274675369263e-02 7.700000000000000178e-01 4.422846398305660642e+01 8.970137292736952896e-18
