# ra dec logw (Hz) logvfv(hz*jy) err  z log(vLv) err in redden fig
3.503988860000000045e+02 1.765457599999999871e+01 1.339790147635628514e+01 1.068445877581656589e+01 nan 8.419999999999999707e-01 4.521627683544043208e+01 0.000000000000000000e+00
3.503988860000000045e+02 1.765457599999999871e+01 1.367915913236992687e+01 1.025685502156644269e+01 7.846377293268839981e-02 8.419999999999999707e-01 4.478867308119031776e+01 3.026575520550958508e-19
3.503988860000000045e+02 1.765457599999999871e+01 1.407935067470108237e+01 1.027974676152956590e+01 2.141698698202769077e-02 8.419999999999999707e-01 4.481156482115343920e+01 2.123694705740311342e-19
3.503988860000000045e+02 1.765457599999999871e+01 1.408890077314757683e+01 1.029490287726550690e+01 1.907374151051044464e-02 8.419999999999999707e-01 4.482672093688938020e+01 1.923288196479875137e-19
3.503988860000000045e+02 1.765457599999999871e+01 1.418580948237714345e+01 1.030968594603162458e+01 1.595367491245269775e-02 8.419999999999999707e-01 4.484150400565549432e+01 2.080467824938665771e-19
3.503988860000000045e+02 1.765457599999999871e+01 1.421706413394255542e+01 1.031630717230262917e+01 1.755886773268381870e-02 8.419999999999999707e-01 4.484812523192650247e+01 2.669486673897186537e-19
3.503988860000000045e+02 1.765457599999999871e+01 1.476000065106609327e+01 1.042143980191481845e+01 2.570546790957450867e-02 8.419999999999999707e-01 4.495325786153868819e+01 1.626562650761788042e-18
3.503988860000000045e+02 1.765457599999999871e+01 1.478700289949915714e+01 1.021539222630773658e+01 2.198089286684989929e-02 8.419999999999999707e-01 4.474721028593160810e+01 9.209696043278949230e-19
3.503988860000000045e+02 1.765457599999999871e+01 1.480499286480865528e+01 1.030066448047424643e+01 6.777438335120677948e-03 8.419999999999999707e-01 4.483248254009811973e+01 3.601867196337087668e-19
3.503988860000000045e+02 1.765457599999999871e+01 1.485930628810891108e+01 1.028332529366616122e+01 nan 8.419999999999999707e-01 4.481514335329002563e+01 4.111516666237857040e-19
3.503988860000000045e+02 1.765457599999999871e+01 1.486821733872001872e+01 1.045610922119867148e+01 7.916735485196113586e-03 8.419999999999999707e-01 4.498792728082254655e+01 6.961094604407413156e-19
3.503988860000000045e+02 1.765457599999999871e+01 1.491409833859017553e+01 1.045420066022468220e+01 nan 8.419999999999999707e-01 4.498601871984855194e+01 4.630141014451418460e-19
3.503988860000000045e+02 1.765457599999999871e+01 1.493593432698626344e+01 1.036635527734030582e+01 1.890285909175872803e-01 8.419999999999999707e-01 4.489817333696417734e+01 1.579871955590837297e-17
3.503988860000000045e+02 1.765457599999999871e+01 1.494644037579325158e+01 1.021344327161940591e+01 nan 8.419999999999999707e-01 4.474526133124327743e+01 3.838400040353128555e-19
3.503988860000000045e+02 1.765457599999999871e+01 1.495495359087660070e+01 1.045313511634737758e+01 5.989673547446727753e-03 8.419999999999999707e-01 4.498495317597124910e+01 6.386996241145488055e-19
3.503988860000000045e+02 1.765457599999999871e+01 1.505906604587434039e+01 1.015368167646151143e+01 nan 8.419999999999999707e-01 4.468549973608538295e+01 5.158121584722497403e-19
3.503988860000000045e+02 1.765457599999999871e+01 1.506338755792331696e+01 1.038634367003999515e+01 1.457075029611587524e-02 8.419999999999999707e-01 4.491816172966386489e+01 1.710086090215418248e-18
3.503988860000000045e+02 1.765457599999999871e+01 1.507186300098596199e+01 1.013197862845076003e+01 1.745010316371917725e-01 8.419999999999999707e-01 4.466379668807463332e+01 1.162637722782647345e-17
3.503988860000000045e+02 1.765457599999999871e+01 1.509452905400221923e+01 1.031886842995526798e+01 1.786319017410278320e-01 8.419999999999999707e-01 4.485068648957913950e+01 1.928240949028964219e-17
3.503988860000000045e+02 1.765457599999999871e+01 1.519568843988832008e+01 9.972039025738897777e+00 nan 8.419999999999999707e-01 4.450385708536276752e+01 1.766034637063534375e-18
3.503988860000000045e+02 1.765457599999999871e+01 1.537812913670594561e+01 9.815182345718950430e+00 nan 8.419999999999999707e-01 4.434700040534281840e+01 1.048091849996513647e-17
3.503988860000000045e+02 1.765457599999999871e+01 1.555770077469865598e+01 9.375510048193550716e+00 nan 8.419999999999999707e-01 4.390732810781742046e+01 0.000000000000000000e+00
