# ra dec logw logvfv (hz*jy)             flag =0 orignial R, =1 model,=2 radio undetected z vLv err for reddenfig 
1.240739489999999989e+02 2.961105900000000091e+01 1.419974777444353187e+01 1.077912986338444234e+01 0.000000000000000000e+00 7.700000000000000178e-01 4.521545093030285045e+01 5.072024161752674426e-02
1.240739489999999989e+02 2.961105900000000091e+01 1.406203431520205882e+01 1.093622423502169738e+01 0.000000000000000000e+00 7.700000000000000178e-01 4.537254530194010727e+01 5.663186056624152503e-02
1.240739489999999989e+02 2.961105900000000091e+01 1.366184277287090332e+01 1.093249953643544359e+01 0.000000000000000000e+00 7.700000000000000178e-01 4.536882060335385347e+01 3.811243002272296510e-02
1.240739489999999989e+02 2.961105900000000091e+01 1.338055311402154324e+01 1.103946272191925004e+01 0.000000000000000000e+00 7.700000000000000178e-01 4.547578378883765993e+01 6.568802975665996580e-02
1.240739489999999989e+02 2.961105900000000091e+01 1.517837208038929653e+01 1.087576574865368961e+01 0.000000000000000000e+00 7.700000000000000178e-01 4.531208681557210127e+01 6.048063994194067261e-01
1.240739489999999989e+02 2.961105900000000091e+01 1.504174968637531684e+01 1.095971596783211588e+01 0.000000000000000000e+00 7.700000000000000178e-01 4.539603703475052754e+01 3.868591225824851154e-01
1.240739489999999989e+02 2.961105900000000091e+01 1.492912401629422803e+01 1.093447377433121304e+01 0.000000000000000000e+00 7.700000000000000178e-01 4.537079484124961937e+01 3.070720032282502898e-01
1.240739489999999989e+02 2.961105900000000091e+01 1.484198992860988753e+01 1.085343500906754777e+01 0.000000000000000000e+00 7.700000000000000178e-01 4.528975607598595587e+01 2.055758273682724291e-01
1.240739489999999989e+02 2.961105900000000091e+01 1.476968654000013359e+01 1.084139683144343635e+01 0.000000000000000000e+00 7.700000000000000178e-01 4.527771789836184269e+01 2.210327084469670411e-01
1.240739489999999989e+02 2.961105900000000091e+01 1.463171684219711999e+01 1.076916813747776835e+01 0.000000000000000000e+00 7.700000000000000178e-01 4.520548920439618001e+01 1.112348210216536071e+00
1.240739489999999989e+02 2.961105900000000091e+01 1.450744768589288114e+01 1.059402939568737345e+01 0.000000000000000000e+00 7.700000000000000178e-01 4.503035046260578156e+01 6.056061551924477593e-01
1.240739489999999989e+02 2.961105900000000091e+01 1.438957979648005647e+01 1.059935366539535195e+01 0.000000000000000000e+00 7.700000000000000178e-01 4.503567473231376539e+01 4.223142425825381352e-01
1.240739489999999989e+02 2.961105900000000091e+01 1.536081277720692206e+01 1.052539678576379245e+01 0.000000000000000000e+00 7.700000000000000178e-01 4.496171785268219878e+01 1.681430899485876429e+00
1.240739489999999989e+02 2.961105900000000091e+01 1.554038441519963243e+01 9.792142916138196540e+00 0.000000000000000000e+00 7.700000000000000178e-01 4.422846398305660642e+01 8.970137292736952705e-01
1.240739489999999989e+02 2.961105900000000091e+01 9.394101302040045454e+00 1.000000000000000000e+00 2.000000000000000000e+00 7.700000000000000178e-01 3.543632106691840988e+01 0.000000000000000000e+00
1.240739489999999989e+02 2.961105900000000091e+01 9.946943270697826023e+00 1.000000000000000000e+00 2.000000000000000000e+00 7.700000000000000178e-01 3.543632106691840988e+01 0.000000000000000000e+00
