# ra dec logw logvfv (hz*jy)             flag =0 orignial R, =1 model,=2 radio undetected z vLv err for reddenfig 
2.341509810000000016e+02 4.690891999999999840e+00 1.409165359448296151e+01 1.127672017535035387e+01 0.000000000000000000e+00 3.800000000000000044e-01 4.497411411302971374e+01 1.334743262855453416e-01
2.341509810000000016e+02 4.690891999999999840e+00 1.395394013524148846e+01 1.122818467719453217e+01 0.000000000000000000e+00 3.800000000000000044e-01 4.492557861487389204e+01 8.494778822961245035e-02
2.341509810000000016e+02 4.690891999999999840e+00 1.355374859291033296e+01 1.109292730153275564e+01 0.000000000000000000e+00 3.800000000000000044e-01 4.479032123921211905e+01 4.035434469893316861e-02
2.341509810000000016e+02 4.690891999999999840e+00 1.327245893406097288e+01 1.134165144066265718e+01 0.000000000000000000e+00 3.800000000000000044e-01 4.503904537834201705e+01 7.980788376655030547e-02
2.341509810000000016e+02 4.690891999999999840e+00 1.507027790042872617e+01 1.145952992145612903e+01 0.000000000000000000e+00 3.800000000000000044e-01 4.515692385913548890e+01 1.451535380988909552e+00
2.341509810000000016e+02 4.690891999999999840e+00 1.493365550641474826e+01 1.149804970105756929e+01 0.000000000000000000e+00 3.800000000000000044e-01 4.519544363873693271e+01 9.026712363151615515e-01
2.341509810000000016e+02 4.690891999999999840e+00 1.482102983633365767e+01 1.148634846667362552e+01 0.000000000000000000e+00 3.800000000000000044e-01 4.518374240435298361e+01 7.676800258267932886e-01
2.341509810000000016e+02 4.690891999999999840e+00 1.473389574864931717e+01 1.146549974458719490e+01 0.000000000000000000e+00 3.800000000000000044e-01 4.516289368226655654e+01 4.625456650711967654e-01
2.341509810000000016e+02 4.690891999999999840e+00 1.466159236003956323e+01 1.156507279091979790e+01 0.000000000000000000e+00 3.800000000000000044e-01 4.526246672859915776e+01 7.367756834623159223e-01
2.341509810000000016e+02 4.690891999999999840e+00 1.452362266223654963e+01 1.140202820043817056e+01 0.000000000000000000e+00 3.800000000000000044e-01 4.509942213811753220e+01 9.757439629609580001e-01
2.341509810000000016e+02 4.690891999999999840e+00 1.439935350593231256e+01 1.134088897197881529e+01 0.000000000000000000e+00 3.800000000000000044e-01 4.503828290965817871e+01 7.707714406093240100e-01
2.341509810000000016e+02 4.690891999999999840e+00 1.428148561651948611e+01 1.133339996367808666e+01 0.000000000000000000e+00 3.800000000000000044e-01 4.503079390135744831e+01 6.398700415566214161e-01
2.341509810000000016e+02 4.690891999999999840e+00 1.525271859724635171e+01 1.098154707176935396e+01 0.000000000000000000e+00 3.800000000000000044e-01 4.467894100944871383e+01 3.474957045349626128e+00
2.341509810000000016e+02 4.690891999999999840e+00 1.543229023523906207e+01 1.066788710421115205e+01 0.000000000000000000e+00 3.800000000000000044e-01 4.436528104189051191e+01 6.791674997707998429e+00
2.341509810000000016e+02 4.690891999999999840e+00 9.286007122079475096e+00 1.000000000000000000e+00 2.000000000000000000e+00 3.800000000000000044e-01 3.469739393767936519e+01 0.000000000000000000e+00
2.341509810000000016e+02 4.690891999999999840e+00 9.838849090737255665e+00 1.000000000000000000e+00 2.000000000000000000e+00 3.800000000000000044e-01 3.469739393767936519e+01 0.000000000000000000e+00
