# ra dec logw logvfv (hz*jy)             flag =0 orignial R, =1 model,=2 radio undetected z vLv err for reddenfig 
1.122863059999999962e+02 4.014358099999999752e+01 1.398115828576693431e+01 1.146615770502470788e+01 0.000000000000000000e+00 7.000000000000000666e-02 4.354067511747931007e+01 1.868640647030317126e-01
1.122863059999999962e+02 4.014358099999999752e+01 1.384344482652546304e+01 1.135687043394889528e+01 0.000000000000000000e+00 7.000000000000000666e-02 4.343138784640349570e+01 9.910575468104775021e-02
1.122863059999999962e+02 4.014358099999999752e+01 1.344325328419430576e+01 1.132449096445162695e+01 0.000000000000000000e+00 7.000000000000000666e-02 4.339900837690623092e+01 4.483815413921182769e-02
1.122863059999999962e+02 4.014358099999999752e+01 1.316196362534494746e+01 1.149334403320760600e+01 0.000000000000000000e+00 7.000000000000000666e-02 4.356786144566220997e+01 7.366881522526820547e-02
1.122863059999999962e+02 4.014358099999999752e+01 1.495978259171269897e+01 1.094939562067457395e+01 0.000000000000000000e+00 7.000000000000000666e-02 4.302391303312917614e+01 1.209612798838813452e+00
1.122863059999999962e+02 4.014358099999999752e+01 1.482316019769871929e+01 1.125853809725049182e+01 0.000000000000000000e+00 7.000000000000000666e-02 4.333305550970509046e+01 3.868591225824851154e-01
1.122863059999999962e+02 4.014358099999999752e+01 1.471053452761763047e+01 1.126685485377525531e+01 0.000000000000000000e+00 7.000000000000000666e-02 4.334137226622986105e+01 7.676800258267932886e-01
1.122863059999999962e+02 4.014358099999999752e+01 1.462340043993329175e+01 1.168581111345383938e+01 0.000000000000000000e+00 7.000000000000000666e-02 4.376032852590844158e+01 5.139395803079219727e-01
1.122863059999999962e+02 4.014358099999999752e+01 1.455109705132353604e+01 1.171059344942611347e+01 0.000000000000000000e+00 7.000000000000000666e-02 4.378511086188071744e+01 7.367756834623159223e-01
1.122863059999999962e+02 4.014358099999999752e+01 1.441312735352052243e+01 1.172731083507352601e+01 0.000000000000000000e+00 7.000000000000000666e-02 4.380182824752812820e+01 3.317529387403778340e+00
1.122863059999999962e+02 4.014358099999999752e+01 1.428885819721628536e+01 1.171730500029998545e+01 0.000000000000000000e+00 7.000000000000000666e-02 4.379182241275458409e+01 2.862865327549510841e+00
1.122863059999999962e+02 4.014358099999999752e+01 1.417099030780346069e+01 1.162516455640283297e+01 0.000000000000000000e+00 7.000000000000000666e-02 4.369968196885743339e+01 7.678440688119055890e-01
1.122863059999999962e+02 4.014358099999999752e+01 1.514222328853032451e+01 1.010349223496510795e+01 0.000000000000000000e+00 7.000000000000000666e-02 4.217800964741971370e+01 9.191822518437890999e-01
1.122863059999999962e+02 4.014358099999999752e+01 1.532179492652303487e+01 1.181569069451006015e+01 1.000000000000000000e+00 7.000000000000000666e-02 4.389020810696466413e+01 0.000000000000000000e+00
1.122863059999999962e+02 4.014358099999999752e+01 9.175511813363447899e+00 1.000000000000000000e+00 2.000000000000000000e+00 7.000000000000000666e-02 3.307451741245460397e+01 0.000000000000000000e+00
1.122863059999999962e+02 4.014358099999999752e+01 9.728353782021228469e+00 1.000000000000000000e+00 2.000000000000000000e+00 7.000000000000000666e-02 3.307451741245460397e+01 0.000000000000000000e+00
