# ra dec logw logvfv (hz*jy)             flag =0 orignial R, =1 model,=2 radio undetected z vLv err for reddenfig 
1.217027149999999978e+02 1.867699700000000007e+01 1.419232375636432408e+01 9.976596682005929750e+00 0.000000000000000000e+00 7.399999999999999911e-01 4.437056004838424883e+01 2.135589289722322759e-02
1.217027149999999978e+02 1.867699700000000007e+01 1.405461029712285281e+01 9.966306326207465816e+00 0.000000000000000000e+00 7.399999999999999911e-01 4.436026969258578845e+01 2.265274370254664188e-02
1.217027149999999978e+02 1.867699700000000007e+01 1.365441875479169553e+01 1.002016171572341108e+01 0.000000000000000000e+00 7.399999999999999911e-01 4.441412508210173371e+01 3.474957128316882859e-02
1.217027149999999978e+02 1.867699700000000007e+01 1.337312909594233723e+01 1.050613899744566382e+01 0.000000000000000000e+00 7.399999999999999911e-01 4.490010236382399000e+01 0.000000000000000000e+00
1.217027149999999978e+02 1.867699700000000007e+01 1.517094806231008874e+01 1.012006953928212738e+01 0.000000000000000000e+00 7.399999999999999911e-01 4.451403290566045001e+01 1.209612770860896830e-01
1.217027149999999978e+02 1.867699700000000007e+01 1.503432566829611083e+01 1.022315139532528683e+01 0.000000000000000000e+00 7.399999999999999911e-01 4.461711476170361124e+01 3.868591374956761864e-02
1.217027149999999978e+02 1.867699700000000007e+01 1.492169999821502202e+01 1.007343981603026783e+01 0.000000000000000000e+00 7.399999999999999911e-01 4.446740318240858869e+01 2.303040201773554063e-02
1.217027149999999978e+02 1.867699700000000007e+01 1.483456591053068152e+01 9.932035768423601141e+00 0.000000000000000000e+00 7.399999999999999911e-01 4.432599913480192555e+01 2.055758333118928513e-02
1.217027149999999978e+02 1.867699700000000007e+01 1.476226252192092581e+01 9.898463955768002975e+00 0.000000000000000000e+00 7.399999999999999911e-01 4.429242732214632383e+01 5.894205501781250855e-02
1.217027149999999978e+02 1.867699700000000007e+01 1.462429282411791220e+01 1.003091061991155897e+01 1.000000000000000000e+00 7.399999999999999911e-01 4.442487398628988160e+01 0.000000000000000000e+00
1.217027149999999978e+02 1.867699700000000007e+01 1.450002366781367513e+01 9.908574734555553931e+00 1.000000000000000000e+00 7.399999999999999911e-01 4.430253810093387301e+01 0.000000000000000000e+00
1.217027149999999978e+02 1.867699700000000007e+01 1.438215577840085047e+01 9.753525452144101493e+00 1.000000000000000000e+00 7.399999999999999911e-01 4.414748881852242590e+01 0.000000000000000000e+00
1.217027149999999978e+02 1.867699700000000007e+01 1.535338875912771428e+01 8.316616942406206192e+00 0.000000000000000000e+00 7.399999999999999911e-01 4.271058030878452882e+01 0.000000000000000000e+00
1.217027149999999978e+02 1.867699700000000007e+01 1.553296039712042464e+01 8.912633209463027839e+00 0.000000000000000000e+00 7.399999999999999911e-01 4.330659657584135402e+01 0.000000000000000000e+00
1.217027149999999978e+02 1.867699700000000007e+01 9.386677283960837670e+00 1.000000000000000000e+00 2.000000000000000000e+00 7.399999999999999911e-01 3.539396336637832263e+01 0.000000000000000000e+00
1.217027149999999978e+02 1.867699700000000007e+01 9.939519252618618239e+00 1.000000000000000000e+00 2.000000000000000000e+00 7.399999999999999911e-01 3.539396336637832263e+01 0.000000000000000000e+00
