# ra dec logw logvfv (hz*jy)             flag =0 orignial R, =1 model,=2 radio undetected z vLv err for reddenfig 
3.251532220000000279e+02 8.694779999999999731e-01 1.423507573678527471e+01 1.050831661704836861e+01 0.000000000000000000e+00 9.200000000000000400e-01 4.513502815305120919e+01 3.470332503182349537e-02
3.251532220000000279e+02 8.694779999999999731e-01 1.409736227754380167e+01 1.059133351029279879e+01 0.000000000000000000e+00 9.200000000000000400e-01 4.521804504629564292e+01 3.114752357340782110e-02
3.251532220000000279e+02 8.694779999999999731e-01 1.369717073521264616e+01 1.046932003160093316e+01 0.000000000000000000e+00 9.200000000000000400e-01 4.509603156760377374e+01 3.587052530258363903e-02
3.251532220000000279e+02 8.694779999999999731e-01 1.341588107636328608e+01 1.057919677576317774e+01 0.000000000000000000e+00 9.200000000000000400e-01 4.520590831176601654e+01 6.998537410049894547e-02
3.251532220000000279e+02 8.694779999999999731e-01 1.521370004273103937e+01 1.034846582259071290e+01 0.000000000000000000e+00 9.200000000000000400e-01 4.497517735859355525e+01 1.935380489333268228e-01
3.251532220000000279e+02 8.694779999999999731e-01 1.507707764871705969e+01 1.041426537279589404e+01 0.000000000000000000e+00 9.200000000000000400e-01 4.504097690879873284e+01 6.447651794488233612e-02
3.251532220000000279e+02 8.694779999999999731e-01 1.496445197863597087e+01 1.049181851233952933e+01 0.000000000000000000e+00 9.200000000000000400e-01 4.511853004834237169e+01 5.373760322836895059e-02
3.251532220000000279e+02 8.694779999999999731e-01 1.487731789095163037e+01 1.041313077097857942e+01 0.000000000000000000e+00 9.200000000000000400e-01 4.503984230698141999e+01 5.653335193191287578e-02
3.251532220000000279e+02 8.694779999999999731e-01 1.480501450234187644e+01 1.042201305585083659e+01 0.000000000000000000e+00 9.200000000000000400e-01 4.504872459185367717e+01 1.215679836813554487e-01
3.251532220000000279e+02 8.694779999999999731e-01 1.466380190360274582e+01 1.044369589126852738e+01 0.000000000000000000e+00 9.200000000000000400e-01 4.507040742727136973e+01 9.612804172670605385e-02
3.251532220000000279e+02 8.694779999999999731e-01 1.454759947589376523e+01 1.030997880779987241e+01 0.000000000000000000e+00 9.200000000000000400e-01 4.493669034380270944e+01 6.755017718108768943e-02
3.251532220000000279e+02 8.694779999999999731e-01 1.441751022163563434e+01 1.034991576798695156e+01 0.000000000000000000e+00 9.200000000000000400e-01 4.497662730398979392e+01 4.329071409351492594e-02
3.251532220000000279e+02 8.694779999999999731e-01 1.539614073954866491e+01 9.944662434193912048e+00 0.000000000000000000e+00 9.200000000000000400e-01 4.457137397019675262e+01 6.587285365857852071e+01
3.251532220000000279e+02 8.694779999999999731e-01 1.557571237754137528e+01 8.817662588520501998e+00 0.000000000000000000e+00 9.200000000000000400e-01 4.344437412452334257e+01 2.706379895879567812e+02
3.251532220000000279e+02 8.694779999999999731e-01 9.429429264381788300e+00 1.000000000000000000e+00 2.000000000000000000e+00 9.200000000000000400e-01 3.562671153600284413e+01 0.000000000000000000e+00
3.251532220000000279e+02 8.694779999999999731e-01 9.982271233039568870e+00 1.000000000000000000e+00 2.000000000000000000e+00 9.200000000000000400e-01 3.562671153600284413e+01 0.000000000000000000e+00
