# ra dec logw logvfv (hz*jy)             flag =0 orignial R, =1 model,=2 radio undetected z vLv err for reddenfig 
2.064733850000000075e+02 3.372663200000000217e+01 1.422731619648303436e+01 1.022406700157123360e+01 0.000000000000000000e+00 8.860000000000000098e-01 4.481041838685999323e+01 2.135589289722322759e-02
2.064733850000000075e+02 3.372663200000000217e+01 1.408960273724156131e+01 1.014186812056692588e+01 0.000000000000000000e+00 8.860000000000000098e-01 4.472821950585568374e+01 1.982115041225958330e-02
2.064733850000000075e+02 3.372663200000000217e+01 1.368941119491040581e+01 1.016883582705201761e+01 0.000000000000000000e+00 8.860000000000000098e-01 4.475518721234077191e+01 2.488517757166364142e-02
2.064733850000000075e+02 3.372663200000000217e+01 1.340812153606104573e+01 1.051450247670356575e+01 0.000000000000000000e+00 8.860000000000000098e-01 4.510085386199232005e+01 0.000000000000000000e+00
2.064733850000000075e+02 3.372663200000000217e+01 1.520594050242879902e+01 1.002949523508140750e+01 0.000000000000000000e+00 8.860000000000000098e-01 4.461584662037016358e+01 0.000000000000000000e+00
2.064733850000000075e+02 3.372663200000000217e+01 1.506931810841481933e+01 1.014903626520425561e+01 0.000000000000000000e+00 8.860000000000000098e-01 4.473538765049300991e+01 0.000000000000000000e+00
2.064733850000000075e+02 3.372663200000000217e+01 1.495669243833373052e+01 1.018898007927569438e+01 0.000000000000000000e+00 8.860000000000000098e-01 4.477533146456445223e+01 0.000000000000000000e+00
2.064733850000000075e+02 3.372663200000000217e+01 1.486955835064939180e+01 1.019818519172742199e+01 0.000000000000000000e+00 8.860000000000000098e-01 4.478453657701618340e+01 0.000000000000000000e+00
2.064733850000000075e+02 3.372663200000000217e+01 1.479725496203963608e+01 1.020804408147689024e+01 0.000000000000000000e+00 8.860000000000000098e-01 4.479439546676564987e+01 0.000000000000000000e+00
2.064733850000000075e+02 3.372663200000000217e+01 1.465928526423662248e+01 1.078153765317170176e+01 1.000000000000000000e+00 8.860000000000000098e-01 4.536788903846046139e+01 0.000000000000000000e+00
2.064733850000000075e+02 3.372663200000000217e+01 1.453501610793238541e+01 1.028013939358216611e+01 1.000000000000000000e+00 8.860000000000000098e-01 4.486649077887092574e+01 0.000000000000000000e+00
2.064733850000000075e+02 3.372663200000000217e+01 1.441714821851956074e+01 1.004388546125630377e+01 1.000000000000000000e+00 8.860000000000000098e-01 4.463023684654505985e+01 0.000000000000000000e+00
2.064733850000000075e+02 3.372663200000000217e+01 1.538838119924642456e+01 8.615525713356475990e+00 0.000000000000000000e+00 8.860000000000000098e-01 4.320187709864523384e+01 1.983303868561402439e+01
2.064733850000000075e+02 3.372663200000000217e+01 1.556795283723913492e+01 1.066426939915729122e+01 1.000000000000000000e+00 8.860000000000000098e-01 4.525062078444604907e+01 4.835673200641573288e+01
2.064733850000000075e+02 3.372663200000000217e+01 9.421669724079547947e+00 6.347391240351825559e+00 0.000000000000000000e+00 8.860000000000000098e-01 4.093374262564058341e+01 9.146666456337646425e-11
2.064733850000000075e+02 3.372663200000000217e+01 9.974511692737328517e+00 1.000000000000000000e+00 2.000000000000000000e+00 8.860000000000000098e-01 3.558635138528875785e+01 0.000000000000000000e+00
