# ra dec logw logvfv (hz*jy)             flag =0 orignial R, =1 model,=2 radio undetected z vLv err for reddenfig 
3.503988860000000045e+02 1.765457599999999871e+01 1.421706413394255542e+01 1.031630717230262917e+01 0.000000000000000000e+00 8.419999999999999707e-01 4.484812523192650247e+01 2.669486673897186399e-02
3.503988860000000045e+02 1.765457599999999871e+01 1.407935067470108237e+01 1.027974676152956590e+01 0.000000000000000000e+00 8.419999999999999707e-01 4.481156482115343920e+01 2.123694705740311259e-02
3.503988860000000045e+02 1.765457599999999871e+01 1.367915913236992687e+01 1.025685502156644269e+01 0.000000000000000000e+00 8.419999999999999707e-01 4.478867308119031776e+01 3.026575520550958340e-02
3.503988860000000045e+02 1.765457599999999871e+01 1.339786947352056679e+01 1.068445877581656589e+01 0.000000000000000000e+00 8.419999999999999707e-01 4.521627683544043919e+01 0.000000000000000000e+00
3.503988860000000045e+02 1.765457599999999871e+01 1.519568843988832008e+01 9.972039025738897777e+00 0.000000000000000000e+00 8.419999999999999707e-01 4.450385708536276752e+01 1.766034637063534363e-01
3.503988860000000045e+02 1.765457599999999871e+01 1.505906604587434039e+01 1.015368167646151143e+01 0.000000000000000000e+00 8.419999999999999707e-01 4.468549973608538295e+01 5.158121584722497738e-02
3.503988860000000045e+02 1.765457599999999871e+01 1.494644037579325158e+01 1.021344327161940591e+01 0.000000000000000000e+00 8.419999999999999707e-01 4.474526133124327743e+01 3.838400040353128623e-02
3.503988860000000045e+02 1.765457599999999871e+01 1.485930628810891108e+01 1.028332529366616122e+01 0.000000000000000000e+00 8.419999999999999707e-01 4.481514335329003274e+01 4.111516666237857026e-02
3.503988860000000045e+02 1.765457599999999871e+01 1.478700289949915714e+01 1.021539222630773658e+01 0.000000000000000000e+00 8.419999999999999707e-01 4.474721028593160810e+01 9.209696043278949029e-02
3.503988860000000045e+02 1.765457599999999871e+01 1.464903320169614354e+01 1.043600246922405361e+01 1.000000000000000000e+00 8.419999999999999707e-01 4.496782052884792336e+01 0.000000000000000000e+00
3.503988860000000045e+02 1.765457599999999871e+01 1.452476404539190469e+01 1.032862073518102441e+01 1.000000000000000000e+00 8.419999999999999707e-01 4.486043879480489238e+01 0.000000000000000000e+00
3.503988860000000045e+02 1.765457599999999871e+01 1.440689615597908002e+01 1.011615808882081957e+01 1.000000000000000000e+00 8.419999999999999707e-01 4.464797614844469109e+01 0.000000000000000000e+00
3.503988860000000045e+02 1.765457599999999871e+01 1.537812913670594561e+01 9.815182345718950430e+00 0.000000000000000000e+00 8.419999999999999707e-01 4.434700040534282550e+01 1.048091849996513725e+00
3.503988860000000045e+02 1.765457599999999871e+01 1.555770077469865598e+01 9.375510048193550716e+00 0.000000000000000000e+00 8.419999999999999707e-01 4.390732810781742046e+01 0.000000000000000000e+00
3.503988860000000045e+02 1.765457599999999871e+01 9.411417661539069002e+00 1.000000000000000000e+00 2.000000000000000000e+00 8.419999999999999707e-01 3.553181805962387330e+01 0.000000000000000000e+00
3.503988860000000045e+02 1.765457599999999871e+01 9.964259630196849571e+00 1.000000000000000000e+00 2.000000000000000000e+00 8.419999999999999707e-01 3.553181805962387330e+01 0.000000000000000000e+00
