# ra=234.150981 dec=4.690892 z=0.38 obs_wave(A) flux(erg/cm^2/s/A) flux_err ugriz JHK NUV FUV  
2.341509810000000016e+02 4.690891999999999840e+00 3.800000000000000044e-01 2.551780734667879642e+03 7.902865800202206970e+01 1.451535380988909552e+00
2.341509810000000016e+02 4.690891999999999840e+00 3.800000000000000044e-01 3.495149431618790459e+03 6.304955021954830841e+01 9.026712363151615515e-01
2.341509810000000016e+02 4.690891999999999840e+00 3.800000000000000044e-01 4.529929242505234470e+03 4.735382755763637164e+01 7.676800258267932886e-01
2.341509810000000016e+02 4.690891999999999840e+00 3.800000000000000044e-01 5.536375091627020083e+03 3.692940228737181485e+01 4.625456650711967654e-01
2.341509810000000016e+02 4.690891999999999840e+00 3.800000000000000044e-01 6.539264358916677338e+03 3.932257380639076416e+01 7.367756834623159223e-01
2.341509810000000016e+02 4.690891999999999840e+00 3.800000000000000044e-01 8.984596807233678192e+03 2.808856859596162536e+01 9.757439629609580001e-01
2.341509810000000016e+02 4.690891999999999840e+00 3.800000000000000044e-01 1.196100711679921915e+04 1.832825941660225766e+01 7.707714406093240100e-01
2.341509810000000016e+02 4.690891999999999840e+00 3.800000000000000044e-01 1.569045863210585048e+04 1.373296538790838639e+01 6.398700415566214161e-01
2.341509810000000016e+02 4.690891999999999840e+00 3.800000000000000044e-01 1.676496524622703191e+03 5.716686998930703112e+01 3.474957045349626128e+00
2.341509810000000016e+02 4.690891999999999840e+00 3.800000000000000044e-01 1.108743328137021535e+03 4.198131951096612369e+01 6.791674997707998429e+00
