# ra=121.702715 dec=18.676997 z=0.74 obs_wave(A) flux(erg/cm^2/s/A) flux_err ugriz JHK NUV FUV  
1.217027149999999978e+02 1.867699700000000007e+01 7.399999999999999911e-01 2.023826099909011646e+03 6.514728883748497346e+00 1.209612770860896830e-01
1.217027149999999978e+02 1.867699700000000007e+01 7.399999999999999911e-01 2.772015066456286149e+03 6.030534535369002747e+00 3.868591374956761864e-02
1.217027149999999978e+02 1.867699700000000007e+01 7.399999999999999911e-01 3.592702502676555923e+03 3.296237983122584314e+00 2.303040201773554063e-02
1.217027149999999978e+02 1.867699700000000007e+01 7.399999999999999911e-01 4.390918176117969779e+03 1.947513264065438010e+00 2.055758333118928513e-02
1.217027149999999978e+02 1.867699700000000007e+01 7.399999999999999911e-01 5.186313112244268268e+03 1.526178119838595304e+00 5.894205501781250855e-02
1.217027149999999978e+02 1.867699700000000007e+01 7.399999999999999911e-01 7.125714709185342144e+03 1.506892215360448928e+00 0.000000000000000000e+00
1.217027149999999978e+02 1.867699700000000007e+01 7.399999999999999911e-01 9.486315989185599392e+03 8.540379072043757791e-01 0.000000000000000000e+00
1.217027149999999978e+02 1.867699700000000007e+01 7.399999999999999911e-01 1.244415684615288228e+04 4.555750964879722309e-01 0.000000000000000000e+00
1.217027149999999978e+02 1.867699700000000007e+01 7.399999999999999911e-01 1.329635174700766811e+03 1.559137606264438536e-01 0.000000000000000000e+00
1.217027149999999978e+02 1.867699700000000007e+01 7.399999999999999911e-01 8.793481567983287732e+02 9.299773084807255730e-01 0.000000000000000000e+00
