# ra=112.286306 dec=40.143581 z=0.07 obs_wave(A) flux(erg/cm^2/s/A) flux_err ugriz JHK NUV FUV  
1.122863059999999962e+02 4.014358099999999752e+01 7.000000000000000666e-02 3.291081695179137114e+03 2.704313011169462655e+01 1.209612798838813452e+00
1.122863059999999962e+02 4.014358099999999752e+01 7.000000000000000666e-02 4.507762818349490772e+03 4.023250187815585832e+01 3.868591225824851154e-01
1.122863059999999962e+02 4.014358099999999752e+01 7.000000000000000666e-02 5.842338649212362725e+03 3.164230604116352907e+01 7.676800258267932886e-01
1.122863059999999962e+02 4.014358099999999752e+01 7.000000000000000666e-02 7.140371613500245076e+03 6.793448675671184844e+01 5.139395803079219727e-01
1.122863059999999962e+02 4.014358099999999752e+01 7.000000000000000666e-02 8.433817584397216706e+03 6.089326292092588488e+01 7.367756834623159223e-01
1.122863059999999962e+02 4.014358099999999752e+01 7.000000000000000666e-02 1.158761083549764953e+04 4.605925763260536598e+01 3.317529387403778340e+00
1.122863059999999962e+02 4.014358099999999752e+01 7.000000000000000666e-02 1.542634562727376942e+04 3.380974870223713680e+01 2.862865327549510841e+00
1.122863059999999962e+02 4.014358099999999752e+01 7.000000000000000666e-02 2.023629244140747323e+04 2.084652205385121349e+01 7.678440688119055890e-01
1.122863059999999962e+02 4.014358099999999752e+01 7.000000000000000666e-02 2.162210471008721925e+03 5.869407582558220149e+00 9.191822518437890999e-01
1.122863059999999962e+02 4.014358099999999752e+01 7.000000000000000666e-02 1.429968030681393429e+03 4.574718404104664842e+02 0.000000000000000000e+00
