# ra=206.473385 dec=33.726632 z=0.886 obs_wave(A) flux(erg/cm^2/s/A) flux_err ugriz JHK NUV FUV  
2.064733850000000075e+02 3.372663200000000217e+01 8.860000000000000098e-01 1.867156635122840044e+03 4.012476693381709758e+00 0.000000000000000000e+00
2.064733850000000075e+02 3.372663200000000217e+01 8.860000000000000098e-01 2.557426413379614587e+03 3.857724053259498742e+00 0.000000000000000000e+00
2.064733850000000075e+02 3.372663200000000217e+01 8.860000000000000098e-01 3.314582372564806974e+03 3.263242157136617472e+00 0.000000000000000000e+00
2.064733850000000075e+02 3.372663200000000217e+01 8.860000000000000098e-01 4.051006164605121285e+03 2.727220970528061006e+00 0.000000000000000000e+00
2.064733850000000075e+02 3.372663200000000217e+01 8.860000000000000098e-01 4.784827579695132954e+03 2.361977894665818756e+00 0.000000000000000000e+00
2.064733850000000075e+02 3.372663200000000217e+01 8.860000000000000098e-01 6.574095224805133512e+03 9.198174887677003753e+00 0.000000000000000000e+00
2.064733850000000075e+02 3.372663200000000217e+01 8.860000000000000098e-01 8.751956426926260974e+03 2.177881504953079972e+00 0.000000000000000000e+00
2.064733850000000075e+02 3.372663200000000217e+01 8.860000000000000098e-01 1.148082338934570362e+04 9.636346882907976807e-01 0.000000000000000000e+00
2.064733850000000075e+02 3.372663200000000217e+01 8.860000000000000098e-01 1.226704774114173915e+03 3.363455281089823279e-01 1.499999999999999944e-01
2.064733850000000075e+02 3.372663200000000217e+01 8.860000000000000098e-01 8.112756059539186708e+02 5.689852152823407039e+01 1.000000000000000056e-01
