# ra=350.398886 dec=17.654576 z=0.842 obs_wave(A) flux(erg/cm^2/s/A) flux_err ugriz JHK NUV FUV  
3.503988860000000045e+02 1.765457599999999871e+01 8.419999999999999707e-01 1.911757553659974292e+03 4.904629555758931225e+00 1.766034637063534363e-01
3.503988860000000045e+02 1.765457599999999871e+01 8.419999999999999707e-01 2.618515860821904425e+03 5.440345328435344463e+00 5.158121584722497738e-02
3.503988860000000045e+02 1.765457599999999871e+01 8.419999999999999707e-01 3.393758064417600053e+03 4.816841907805342160e+00 3.838400040353128623e-02
3.503988860000000045e+02 1.765457599999999871e+01 8.419999999999999707e-01 4.147772869948578773e+03 4.629246714972368615e+00 4.111516666237857026e-02
3.503988860000000045e+02 1.765457599999999871e+01 8.419999999999999707e-01 4.899123135344738330e+03 3.351767388271186920e+00 9.209696043278949029e-02
3.503988860000000045e+02 1.765457599999999871e+01 8.419999999999999707e-01 6.731131158513825540e+03 4.054286321954047700e+00 0.000000000000000000e+00
3.503988860000000045e+02 1.765457599999999871e+01 8.419999999999999707e-01 8.961015103790976355e+03 2.378282968868214109e+00 0.000000000000000000e+00
3.503988860000000045e+02 1.765457599999999871e+01 8.419999999999999707e-01 1.175506672763629649e+04 1.111560204708907929e+00 0.000000000000000000e+00
3.503988860000000045e+02 1.765457599999999871e+01 8.419999999999999707e-01 1.256007168284109184e+03 5.202238127185405681e+00 1.048091849996513725e+00
3.503988860000000045e+02 1.765457599999999871e+01 8.419999999999999707e-01 8.306546106563999956e+02 2.858179948878805998e+00 0.000000000000000000e+00
