# ra=124.073949 dec=29.611059 z=0.77 obs_wave(A) flux(erg/cm^2/s/A) flux_err ugriz JHK NUV FUV  
1.240739489999999989e+02 2.961105900000000091e+01 7.700000000000000178e-01 1.989523962622414047e+03 2.643106205502805395e+01 6.048063994194067261e-01
1.240739489999999989e+02 2.961105900000000091e+01 7.700000000000000178e-01 2.725031760245168698e+03 2.341221153965542712e+01 3.868591225824851154e-01
1.240739489999999989e+02 2.961105900000000091e+01 7.700000000000000178e-01 3.531809239919333322e+03 1.704411971383363422e+01 3.070720032282502898e-01
1.240739489999999989e+02 2.961105900000000091e+01 7.700000000000000178e-01 4.316495834149877737e+03 1.157182142303406813e+01 2.055758273682724291e-01
1.240739489999999989e+02 2.961105900000000091e+01 7.700000000000000178e-01 5.098409500172322623e+03 9.529281506861666529e+00 2.210327084469670411e-01
1.240739489999999989e+02 2.961105900000000091e+01 7.700000000000000178e-01 7.004939883605914474e+03 8.390034080680802475e+00 1.112348210216536071e+00
1.240739489999999989e+02 2.961105900000000091e+01 7.700000000000000178e-01 9.325530972419761383e+03 4.210714800621723874e+00 6.056061551924477593e-01
1.240739489999999989e+02 2.961105900000000091e+01 7.700000000000000178e-01 1.223323893350625076e+04 3.249467570986725562e+00 4.223142425825381352e-01
1.240739489999999989e+02 2.961105900000000091e+01 7.700000000000000178e-01 1.307098985299056039e+03 2.565005544700554552e+01 1.681430899485876429e+00
1.240739489999999989e+02 2.961105900000000091e+01 7.700000000000000178e-01 8.644439507508976703e+02 7.168133360481973249e+00 8.970137292736952705e-01
