# ra=325.153222 dec=0.869478 z=0.92 obs_wave(A) flux(erg/cm^2/s/A) flux_err ugriz JHK NUV FUV  
3.251532220000000279e+02 8.694779999999999731e-01 9.200000000000000400e-01 1.834092403042538535e+03 1.216310933332866284e+01 1.935380489333268228e-01
3.251532220000000279e+02 8.694779999999999731e-01 9.200000000000000400e-01 2.512138653976016030e+03 1.033288906526052031e+01 6.447651794488233612e-02
3.251532220000000279e+02 8.694779999999999731e-01 9.200000000000000400e-01 3.255886643050636394e+03 9.531236288463338369e+00 5.373760322836895059e-02
3.251532220000000279e+02 8.694779999999999731e-01 9.200000000000000400e-01 3.979269597106919718e+03 6.506199968335880435e+00 5.653335193191287578e-02
3.251532220000000279e+02 8.694779999999999731e-01 9.200000000000000400e-01 4.700096257971360501e+03 5.622200163825829655e+00 1.215679836813554487e-01
3.251532220000000279e+02 8.694779999999999731e-01 9.200000000000000400e-01 6.506079280479664703e+03 4.269495303384952756e+00 9.612804172670605385e-02
3.251532220000000279e+02 8.694779999999999731e-01 9.200000000000000400e-01 8.502013276743946335e+03 2.401358655033795308e+00 6.755017718108768943e-02
3.251532220000000279e+02 8.694779999999999731e-01 9.200000000000000400e-01 1.147125761691502885e+04 1.951213243021750587e+00 4.329071409351492594e-02
3.251532220000000279e+02 8.694779999999999731e-01 9.200000000000000400e-01 1.204981877072567386e+03 7.306037870439108239e+00 1.100000000000000089e+00
3.251532220000000279e+02 8.694779999999999731e-01 9.200000000000000400e-01 7.969092670984840652e+02 8.246197105276117378e-01 1.499999999999999944e-01
